id,tp,tb,tt,tipus
1,3445,1499,4944,BEBB
2,3174,1243,4417,BEBB
3,3578,1713,5291,BEBB
4,2931,1347,4278,BEBB
5,3467,1468,4935,BEBB
6,3551,1404,4955,BEBB
7,3603,1279,4882,BEBB
8,3288,1175,4463,BEBB
9,3329,1558,4887,BEBB
10,3224,1132,4356,BEBB
11,2752,1299,4051,BEBB
12,3313,1189,4502,BEBB
13,2926,1504,4430,BEBB
14,3362,953,4315,BEBB
15,3409,1629,5038,BEBB
16,3407,1246,4653,BEBB
17,3318,1555,4873,BEBB
18,3211,1479,4690,BEBB
19,2960,1764,4724,BEBB
20,3340,1330,4670,BEBB
21,2851,1387,4238,BEBB
22,2798,1437,4235,BEBB
23,2833,1748,4581,BEBB
24,3619,1573,5192,BEBB
25,3303,1437,4740,BEBB
26,3174,1557,4731,BEBB
27,3215,1430,4645,BEBB
28,3360,1471,4831,BEBB
29,2869,1302,4171,BEBB
30,3611,1691,5302,BEBB
31,3239,1311,4550,BEBB
32,3064,1069,4133,BEBB
33,3384,1608,4992,BEBB
34,3288,1629,4917,BEBB
35,3278,1314,4592,BEBB
36,3341,1497,4838,BEBB
37,2979,1557,4536,BEBB
38,3338,1380,4718,BEBB
39,3746,1363,5109,BEBB
40,3417,1398,4815,BEBB
41,3041,1616,4657,BEBB
42,3330,1789,5119,BEBB
43,3629,1095,4724,BEBB
44,3335,1559,4894,BEBB
45,2951,1478,4429,BEBB
46,2992,1489,4481,BEBB
47,2513,1542,4055,BEBB
48,3738,1590,5328,BEBB
49,3246,1198,4444,BEBB
50,3225,1499,4724,BEBB
51,3346,908,4254,BEBB
52,3386,1624,5010,BEBB
53,3478,1130,4608,BEBB
54,3281,1049,4330,BEBB
55,3289,1380,4669,BEBB
56,3399,1398,4797,BEBB
57,3210,1196,4406,BEBB
58,2805,1656,4461,BEBB
59,2903,1399,4302,BEBB
60,3105,1522,4627,BEBB
61,3278,1284,4562,BEBB
62,2865,1570,4435,BEBB
63,3130,1119,4249,BEBB
64,3521,1971,5492,BEBB
65,3051,1603,4654,BEBB
66,2991,1303,4294,BEBB
67,3157,1340,4497,BEBB
68,3107,1502,4609,BEBB
69,3483,1633,5116,BEBB
70,3442,1283,4725,BEBB
71,3156,1466,4622,BEBB
72,3005,1510,4515,BEBB
73,3286,1327,4613,BEBB
74,2650,1453,4103,BEBB
75,3176,1131,4307,BEBB
76,3499,1283,4782,BEBB
77,3620,1734,5354,BEBB
78,3038,1687,4725,BEBB
79,3372,1323,4695,BEBB
80,3358,1309,4667,BEBB
81,3001,1322,4323,BEBB
82,3490,1270,4760,BEBB
83,3742,1609,5351,BEBB
84,3255,1674,4929,BEBB
85,3336,1345,4681,BEBB
86,3160,1567,4727,BEBB
87,3044,1394,4438,BEBB
88,3067,1561,4628,BEBB
89,3265,1049,4314,BEBB
90,3466,1498,4964,BEBB
91,3370,876,4246,BEBB
92,2962,921,3883,BEBB
93,3176,1396,4572,BEBB
94,3336,1368,4704,BEBB
95,2913,1387,4300,BEBB
96,2868,1419,4287,BEBB
97,3248,1139,4387,BEBB
98,3182,1241,4423,BEBB
99,2923,1363,4286,BEBB
100,3366,1609,4975,BEBB
101,3394,1001,4395,BEBB
102,3267,1584,4851,BEBB
103,2856,1311,4167,BEBB
104,3172,1192,4364,BEBB
105,2996,1397,4393,BEBB
106,3380,1432,4812,BEBB
107,3102,1679,4781,BEBB
108,3051,1410,4461,BEBB
109,3021,1500,4521,BEBB
110,3134,1220,4354,BEBB
111,3066,1447,4513,BEBB
112,3205,1588,4793,BEBB
113,3641,1435,5076,BEBB
114,3550,1497,5047,BEBB
115,2806,1363,4169,BEBB
116,3300,1477,4777,BEBB
117,3127,1270,4397,BEBB
118,2809,1612,4421,BEBB
119,3418,1691,5109,BEBB
120,3475,2176,5651,BEBB
121,3110,1252,4362,BEBB
122,3314,1388,4702,BEBB
123,3200,1419,4619,BEBB
124,2796,1387,4183,BEBB
125,3172,1456,4628,BEBB
126,2934,1082,4016,BEBB
127,2942,1816,4758,BEBB
128,3444,1639,5083,BEBB
129,3027,1445,4472,BEBB
130,3047,1520,4567,BEBB
131,3114,1235,4349,BEBB
132,3443,1714,5157,BEBB
133,3496,1623,5119,BEBB
134,3163,1229,4392,BEBB
135,3289,1371,4660,BEBB
136,3251,1276,4527,BEBB
137,3224,1193,4417,BEBB
138,3349,1265,4614,BEBB
139,3580,1446,5026,BEBB
140,3569,1167,4736,BEBB
141,2923,1491,4414,BEBB
142,3166,1710,4876,BEBB
143,3612,1120,4732,BEBB
144,3070,1474,4544,BEBB
145,3063,1305,4368,BEBB
146,3229,1310,4539,BEBB
147,3307,1310,4617,BEBB
148,3238,953,4191,BEBB
149,3407,1169,4576,BEBB
150,2680,1283,3963,BEBB
151,3390,1756,5146,BEBB
152,3491,1279,4770,BEBB
153,3786,1456,5242,BEBB
154,3242,1129,4371,BEBB
155,3369,1866,5235,BEBB
156,3335,1110,4445,BEBB
157,3247,1649,4896,BEBB
158,3324,1243,4567,BEBB
159,3310,1849,5159,BEBB
160,3510,1918,5428,BEBB
161,2844,1859,4703,BEBB
162,3507,1657,5164,BEBB
163,2890,1254,4144,BEBB
164,3268,1586,4854,BEBB
165,3419,1470,4889,BEBB
166,3065,1518,4583,BEBB
167,3019,1784,4803,BEBB
168,3601,1475,5076,BEBB
169,3199,1467,4666,BEBB
170,3608,1443,5051,BEBB
171,3196,1483,4679,BEBB
172,3353,1209,4562,BEBB
173,2908,1165,4073,BEBB
174,2831,1521,4352,BEBB
175,3310,1417,4727,BEBB
176,3611,1450,5061,BEBB
177,3705,1450,5155,BEBB
178,3189,1772,4961,BEBB
179,3041,1220,4261,BEBB
180,3211,1099,4310,BEBB
181,3096,1575,4671,BEBB
182,3245,1306,4551,BEBB
183,2937,1659,4596,BEBB
184,2846,1616,4462,BEBB
185,3478,1369,4847,BEBB
186,3207,1091,4298,BEBB
187,3164,1676,4840,BEBB
188,3330,1224,4554,BEBB
189,3297,1526,4823,BEBB
190,3103,1443,4546,BEBB
191,2712,1201,3913,BEBB
192,3362,1136,4498,BEBB
193,2982,1583,4565,BEBB
194,3345,1252,4597,BEBB
195,2805,1377,4182,BEBB
196,3212,1688,4900,BEBB
197,3404,1464,4868,BEBB
198,3176,1257,4433,BEBB
199,2976,1541,4517,BEBB
200,3304,1536,4840,BEBB
201,3524,1593,5117,BEBB
202,3411,1775,5186,BEBB
203,3256,1292,4548,BEBB
204,3125,1213,4338,BEBB
205,3179,1613,4792,BEBB
206,3432,1495,4927,BEBB
207,3125,1338,4463,BEBB
208,3603,1352,4955,BEBB
209,2792,1634,4426,BEBB
210,3255,1466,4721,BEBB
211,3290,1527,4817,BEBB
212,3387,1524,4911,BEBB
213,3047,1250,4297,BEBB
214,3150,1068,4218,BEBB
215,3227,891,4118,BEBB
216,3208,1366,4574,BEBB
217,3217,1165,4382,BEBB
218,3448,1563,5011,BEBB
219,3133,1340,4473,BEBB
220,3269,1581,4850,BEBB
221,3366,1419,4785,BEBB
222,3572,1068,4640,BEBB
223,2991,1221,4212,BEBB
224,3663,1380,5043,BEBB
225,2916,1400,4316,BEBB
226,3081,1289,4370,BEBB
227,3712,1619,5331,BEBB
228,3215,1749,4964,BEBB
229,3314,1245,4559,BEBB
230,3089,1262,4351,BEBB
231,3411,2027,5438,BEBB
232,2768,1157,3925,BEBB
233,3400,1519,4919,BEBB
234,3036,1106,4142,BEBB
235,3351,1473,4824,BEBB
236,3937,1194,5131,BEBB
237,2709,1990,4699,BEBB
238,3411,1342,4753,BEBB
239,2712,1149,3861,BEBB
240,3566,1625,5191,BEBB
241,3482,1320,4802,BEBB
242,3570,1534,5104,BEBB
243,2888,1383,4271,BEBB
244,2801,1385,4186,BEBB
245,3253,1220,4473,BEBB
246,2629,1518,4147,BEBB
247,3149,1535,4684,BEBB
248,3036,1766,4802,BEBB
249,2695,1903,4598,BEBB
250,3436,1323,4759,BEBB
251,2824,1433,4257,BEBB
252,3186,1623,4809,BEBB
253,3348,1490,4838,BEBB
254,3179,1175,4354,BEBB
255,3148,1717,4865,BEBB
256,3130,1125,4255,BEBB
257,3476,1556,5032,BEBB
258,3049,1573,4622,BEBB
259,3677,1701,5378,BEBB
260,3283,1114,4397,BEBB
261,3344,1240,4584,BEBB
262,3302,1716,5018,BEBB
263,3166,1660,4826,BEBB
264,2960,1667,4627,BEBB
265,3997,1378,5375,BEBB
266,3392,1406,4798,BEBB
267,3243,1330,4573,BEBB
268,3128,1222,4350,BEBB
269,3385,1545,4930,BEBB
270,3246,1301,4547,BEBB
271,2660,1674,4334,BEBB
272,3281,1240,4521,BEBB
273,2855,1327,4182,BEBB
274,3453,1502,4955,BEBB
275,3110,1215,4325,BEBB
276,3682,1565,5247,BEBB
277,3188,1313,4501,BEBB
278,2710,1809,4519,BEBB
279,3663,1551,5214,BEBB
280,3244,1418,4662,BEBB
281,3455,1090,4545,BEBB
282,3138,1702,4840,BEBB
283,3399,1457,4856,BEBB
284,3083,1373,4456,BEBB
285,3002,1560,4562,BEBB
286,3226,1280,4506,BEBB
287,3159,1248,4407,BEBB
288,3339,1538,4877,BEBB
289,3275,1519,4794,BEBB
290,3373,1201,4574,BEBB
291,3407,1459,4866,BEBB
292,3097,1547,4644,BEBB
293,3463,1566,5029,BEBB
294,2998,1807,4805,BEBB
295,3099,1394,4493,BEBB
296,2685,1345,4030,BEBB
297,2956,1943,4899,BEBB
298,3070,1729,4799,BEBB
299,3024,1474,4498,BEBB
300,3452,1429,4881,BEBB
301,3185,1255,4440,BEBB
302,3134,1574,4708,BEBB
303,3154,1907,5061,BEBB
304,3305,1418,4723,BEBB
305,2892,1575,4467,BEBB
306,3532,1071,4603,BEBB
307,3158,1558,4716,BEBB
308,3107,1245,4352,BEBB
309,3085,885,3970,BEBB
310,3510,1540,5050,BEBB
311,3450,1595,5045,BEBB
312,3103,1651,4754,BEBB
313,3390,1496,4886,BEBB
314,3184,1293,4477,BEBB
315,3671,1628,5299,BEBB
316,3108,1651,4759,BEBB
317,3283,1498,4781,BEBB
318,2983,1505,4488,BEBB
319,3406,1380,4786,BEBB
320,3822,1364,5186,BEBB
321,3566,1281,4847,BEBB
322,3055,1573,4628,BEBB
323,3123,1467,4590,BEBB
324,3208,1159,4367,BEBB
325,2895,1319,4214,BEBB
326,3258,1415,4673,BEBB
327,3626,941,4567,BEBB
328,3238,1529,4767,BEBB
329,3340,1098,4438,BEBB
330,3529,1491,5020,BEBB
331,3308,1788,5096,BEBB
332,3298,1574,4872,BEBB
333,2832,2210,5042,BEBB
334,3243,619,3862,BEBB
335,3475,1438,4913,BEBB
336,3306,1662,4968,BEBB
337,3129,1592,4721,BEBB
338,3350,1848,5198,BEBB
339,3598,1528,5126,BEBB
340,2859,1244,4103,BEBB
341,3701,1306,5007,BEBB
342,2920,1903,4823,BEBB
343,3479,1466,4945,BEBB
344,3513,1399,4912,BEBB
345,3341,1554,4895,BEBB
346,3072,821,3893,BEBB
347,3012,1348,4360,BEBB
348,2682,1339,4021,BEBB
349,3509,1675,5184,BEBB
350,3257,1910,5167,BEBB
351,3191,1473,4664,BEBB
352,3396,1442,4838,BEBB
353,3433,1585,5018,BEBB
354,3341,1558,4899,BEBB
355,3110,1350,4460,BEBB
356,3561,1376,4937,BEBB
357,3251,1473,4724,BEBB
358,3276,1294,4570,BEBB
359,3548,1304,4852,BEBB
360,3026,1456,4482,BEBB
361,3352,1370,4722,BEBB
362,3094,1049,4143,BEBB
363,3253,1792,5045,BEBB
364,3341,1345,4686,BEBB
365,3209,1434,4643,BEBB
366,3511,1340,4851,BEBB
367,2731,1516,4247,BEBB
368,3490,1574,5064,BEBB
369,3417,1320,4737,BEBB
370,3784,1432,5216,BEBB
371,2879,1325,4204,BEBB
372,2944,1099,4043,BEBB
373,2851,1798,4649,BEBB
374,3126,1518,4644,BEBB
375,3448,1453,4901,BEBB
376,3284,1383,4667,BEBB
377,2775,1371,4146,BEBB
378,3370,1382,4752,BEBB
379,3470,1940,5410,BEBB
380,2876,1555,4431,BEBB
381,2943,1241,4184,BEBB
382,3385,1166,4551,BEBB
383,3266,1276,4542,BEBB
384,3341,1628,4969,BEBB
385,3201,1070,4271,BEBB
386,3562,1621,5183,BEBB
387,3034,1436,4470,BEBB
388,3592,1372,4964,BEBB
389,3314,1299,4613,BEBB
390,3271,1854,5125,BEBB
391,3324,737,4061,BEBB
392,3188,1284,4472,BEBB
393,3055,1657,4712,BEBB
394,3149,1033,4182,BEBB
395,3226,1326,4552,BEBB
396,3188,1591,4779,BEBB
397,2775,1503,4278,BEBB
398,3093,1692,4785,BEBB
399,3397,1388,4785,BEBB
400,3123,1330,4453,BEBB
401,3525,1598,5123,BEBB
402,2760,1384,4144,BEBB
403,2771,1268,4039,BEBB
404,3315,1374,4689,BEBB
405,3329,910,4239,BEBB
406,2728,1409,4137,BEBB
407,3095,1537,4632,BEBB
408,3228,1249,4477,BEBB
409,3303,1247,4550,BEBB
410,3470,1365,4835,BEBB
411,3236,1265,4501,BEBB
412,3360,1243,4603,BEBB
413,3084,1262,4346,BEBB
414,3387,1546,4933,BEBB
415,2920,1584,4504,BEBB
416,3328,1412,4740,BEBB
417,3251,1521,4772,BEBB
418,3048,1052,4100,BEBB
419,3134,1510,4644,BEBB
420,3325,1567,4892,BEBB
421,3367,1498,4865,BEBB
422,3453,1245,4698,BEBB
423,3352,1499,4851,BEBB
424,3404,1461,4865,BEBB
425,3243,1570,4813,BEBB
426,3325,1650,4975,BEBB
427,3121,1068,4189,BEBB
428,3309,1429,4738,BEBB
429,2886,1597,4483,BEBB
430,3227,1507,4734,BEBB
431,3489,1700,5189,BEBB
432,3231,1464,4695,BEBB
433,3207,1232,4439,BEBB
434,3301,1471,4772,BEBB
435,3690,1637,5327,BEBB
436,2989,1684,4673,BEBB
437,3304,1645,4949,BEBB
438,3332,977,4309,BEBB
439,3139,1412,4551,BEBB
440,3242,1454,4696,BEBB
441,3336,1516,4852,BEBB
442,3262,1724,4986,BEBB
443,3461,1634,5095,BEBB
444,3306,2082,5388,BEBB
445,2619,893,3512,BEBB
446,3417,1213,4630,BEBB
447,3721,1245,4966,BEBB
448,3489,1534,5023,BEBB
449,3193,2004,5197,BEBB
450,3117,1395,4512,BEBB
451,3641,1693,5334,BEBB
452,3111,1523,4634,BEBB
453,3535,1502,5037,BEBB
454,3681,1658,5339,BEBB
455,3404,1380,4784,BEBB
456,3715,1677,5392,BEBB
457,3396,803,4199,BEBB
458,3079,1406,4485,BEBB
459,3245,1462,4707,BEBB
460,3513,1276,4789,BEBB
461,3491,1263,4754,BEBB
462,3058,1102,4160,BEBB
463,3057,1770,4827,BEBB
464,3259,1603,4862,BEBB
465,3424,1637,5061,BEBB
466,3371,1442,4813,BEBB
467,3108,1558,4666,BEBB
468,3212,1799,5011,BEBB
469,3276,1961,5237,BEBB
470,2806,1538,4344,BEBB
471,3555,1370,4925,BEBB
472,3284,1294,4578,BEBB
473,3513,1286,4799,BEBB
474,3573,1578,5151,BEBB
475,2890,856,3746,BEBB
476,3380,1366,4746,BEBB
477,3276,1652,4928,BEBB
478,3031,1557,4588,BEBB
479,2574,1820,4394,BEBB
480,3446,1389,4835,BEBB
481,3148,969,4117,BEBB
482,2819,1435,4254,BEBB
483,3071,1671,4742,BEBB
484,3065,1403,4468,BEBB
485,3023,1265,4288,BEBB
486,3368,1415,4783,BEBB
487,3449,1004,4453,BEBB
488,3134,1501,4635,BEBB
489,3340,1546,4886,BEBB
490,3435,1427,4862,BEBB
491,3281,1378,4659,BEBB
492,3216,1112,4328,BEBB
493,3431,1517,4948,BEBB
494,3237,1311,4548,BEBB
495,2982,1344,4326,BEBB
496,3122,1546,4668,BEBB
497,3526,1527,5053,BEBB
498,3116,1315,4431,BEBB
499,2980,1044,4024,BEBB
500,3403,1446,4849,BEBB
501,3585,1618,5203,BEBB
502,3171,1961,5132,BEBB
503,3678,1764,5442,BEBB
504,3298,1314,4612,BEBB
505,3390,1400,4790,BEBB
506,3023,1224,4247,BEBB
507,3434,1509,4943,BEBB
508,3013,1461,4474,BEBB
509,3194,1825,5019,BEBB
510,3362,1025,4387,BEBB
511,3289,1484,4773,BEBB
512,3661,1016,4677,BEBB
513,3602,1302,4904,BEBB
514,3245,1525,4770,BEBB
515,3430,1148,4578,BEBB
516,3526,1278,4804,BEBB
517,3498,1266,4764,BEBB
518,3369,1344,4713,BEBB
519,3003,1439,4442,BEBB
520,3232,1714,4946,BEBB
521,3411,1524,4935,BEBB
522,3362,1793,5155,BEBB
523,3538,1686,5224,BEBB
524,2790,970,3760,BEBB
525,3328,968,4296,BEBB
526,3323,1392,4715,BEBB
527,2957,1604,4561,BEBB
528,3295,1521,4816,BEBB
529,3705,1039,4744,BEBB
530,3378,1112,4490,BEBB
531,2938,1589,4527,BEBB
532,3060,1475,4535,BEBB
533,3141,1559,4700,BEBB
534,3423,1404,4827,BEBB
535,3452,1715,5167,BEBB
536,3155,1214,4369,BEBB
537,3348,1308,4656,BEBB
538,3486,1410,4896,BEBB
539,3200,1378,4578,BEBB
540,3421,1344,4765,BEBB
541,3375,1729,5104,BEBB
542,2904,1124,4028,BEBB
543,3142,1756,4898,BEBB
544,3784,1877,5661,BEBB
545,3205,1160,4365,BEBB
546,3177,547,3724,BEBB
547,3268,1944,5212,BEBB
548,2997,1557,4554,BEBB
549,2861,1421,4282,BEBB
550,3051,1273,4324,BEBB
551,3176,1211,4387,BEBB
552,2988,1075,4063,BEBB
553,3185,1362,4547,BEBB
554,3241,1374,4615,BEBB
555,3520,1739,5259,BEBB
556,3336,940,4276,BEBB
557,3573,1251,4824,BEBB
558,3197,1122,4319,BEBB
559,3477,1525,5002,BEBB
560,3602,1920,5522,BEBB
561,2712,1159,3871,BEBB
562,3335,1289,4624,BEBB
563,3241,1451,4692,BEBB
564,3099,1520,4619,BEBB
565,3108,1340,4448,BEBB
566,3477,980,4457,BEBB
567,3228,1804,5032,BEBB
568,3470,1594,5064,BEBB
569,3357,1768,5125,BEBB
570,3161,1478,4639,BEBB
571,3720,1473,5193,BEBB
572,3216,1478,4694,BEBB
573,3325,1363,4688,BEBB
574,3271,1683,4954,BEBB
575,3175,1945,5120,BEBB
576,3260,1646,4906,BEBB
577,3427,1316,4743,BEBB
578,3392,1898,5290,BEBB
579,3514,2032,5546,BEBB
580,3243,1345,4588,BEBB
581,3135,2120,5255,BEBB
582,2892,1127,4019,BEBB
583,3351,1645,4996,BEBB
584,3280,1347,4627,BEBB
585,3112,1314,4426,BEBB
586,3689,1302,4991,BEBB
587,2593,1468,4061,BEBB
588,3400,1148,4548,BEBB
589,3570,1330,4900,BEBB
590,3113,1513,4626,BEBB
591,3196,976,4172,BEBB
592,3290,1629,4919,BEBB
593,3234,1462,4696,BEBB
594,3177,1745,4922,BEBB
595,3372,1444,4816,BEBB
596,2897,1420,4317,BEBB
597,2933,1261,4194,BEBB
598,3437,1945,5382,BEBB
599,3246,1544,4790,BEBB
600,2845,1111,3956,BEBB
601,3801,977,4778,BEBB
602,3318,1368,4686,BEBB
603,3688,1342,5030,BEBB
604,3447,1732,5179,BEBB
605,2831,1369,4200,BEBB
606,3105,1267,4372,BEBB
607,3082,1088,4170,BEBB
608,3199,1752,4951,BEBB
609,3368,932,4300,BEBB
610,3353,1727,5080,BEBB
611,3620,2014,5634,BEBB
612,3373,1921,5294,BEBB
613,3582,1488,5070,BEBB
614,2804,1496,4300,BEBB
615,3188,1408,4596,BEBB
616,2992,1732,4724,BEBB
617,2843,996,3839,BEBB
618,3236,1494,4730,BEBB
619,2853,1700,4553,BEBB
620,3038,1652,4690,BEBB
621,2827,1196,4023,BEBB
622,3131,1181,4312,BEBB
623,2858,1549,4407,BEBB
624,3471,1173,4644,BEBB
625,2990,988,3978,BEBB
626,3428,1241,4669,BEBB
627,3328,1591,4919,BEBB
628,2941,1768,4709,BEBB
629,3244,1328,4572,BEBB
630,3436,1190,4626,BEBB
631,3878,1280,5158,BEBB
632,2811,1204,4015,BEBB
633,3119,1492,4611,BEBB
634,2829,1511,4340,BEBB
635,3432,1869,5301,BEBB
636,3139,1362,4501,BEBB
637,3219,1265,4484,BEBB
638,3188,1804,4992,BEBB
639,3040,1463,4503,BEBB
640,3290,1207,4497,BEBB
641,3407,1228,4635,BEBB
642,3221,1383,4604,BEBB
643,3433,968,4401,BEBB
644,3000,1654,4654,BEBB
645,3112,1561,4673,BEBB
646,3230,1175,4405,BEBB
647,3641,1165,4806,BEBB
648,3375,1466,4841,BEBB
649,3536,1064,4600,BEBB
650,3026,1082,4108,BEBB
651,2795,1674,4469,BEBB
652,3160,1403,4563,BEBB
653,3210,1370,4580,BEBB
654,2984,1048,4032,BEBB
655,3204,1250,4454,BEBB
656,3342,1482,4824,BEBB
657,3089,1151,4240,BEBB
658,3016,1622,4638,BEBB
659,3240,1302,4542,BEBB
660,3645,1459,5104,BEBB
661,3221,1106,4327,BEBB
662,3279,1763,5042,BEBB
663,3451,1620,5071,BEBB
664,3199,1824,5023,BEBB
665,2890,1785,4675,BEBB
666,3239,1797,5036,BEBB
667,3080,1380,4460,BEBB
668,3103,1381,4484,BEBB
669,3087,1243,4330,BEBB
670,3109,1460,4569,BEBB
671,3123,946,4069,BEBB
672,3613,1261,4874,BEBB
673,3203,1567,4770,BEBB
674,3281,936,4217,BEBB
675,3282,1326,4608,BEBB
676,3228,1124,4352,BEBB
677,3107,1416,4523,BEBB
678,3399,1918,5317,BEBB
679,3254,1821,5075,BEBB
680,3366,1449,4815,BEBB
681,3394,1329,4723,BEBB
682,3299,1516,4815,BEBB
683,3547,1016,4563,BEBB
684,2791,1435,4226,BEBB
685,3194,1930,5124,BEBB
686,3345,1887,5232,BEBB
687,3369,1351,4720,BEBB
688,3185,1386,4571,BEBB
689,3526,1530,5056,BEBB
690,2891,1679,4570,BEBB
691,3220,1664,4884,BEBB
692,3380,1456,4836,BEBB
693,3545,1679,5224,BEBB
694,3200,1687,4887,BEBB
695,3082,1054,4136,BEBB
696,3275,1410,4685,BEBB
697,3366,1611,4977,BEBB
698,3304,1908,5212,BEBB
699,3284,1292,4576,BEBB
700,3399,1273,4672,BEBB
701,3049,1717,4766,BEBB
702,3415,1712,5127,BEBB
703,3120,1337,4457,BEBB
704,3100,1799,4899,BEBB
705,3276,1555,4831,BEBB
706,3567,1690,5257,BEBB
707,2912,1370,4282,BEBB
708,3819,1635,5454,BEBB
709,3016,1515,4531,BEBB
710,3597,1428,5025,BEBB
711,3274,1481,4755,BEBB
712,3135,1644,4779,BEBB
713,3504,1629,5133,BEBB
714,3118,1822,4940,BEBB
715,3145,1272,4417,BEBB
716,3514,1141,4655,BEBB
717,2826,1433,4259,BEBB
718,2868,1309,4177,BEBB
719,3000,1665,4665,BEBB
720,2785,1292,4077,BEBB
721,2762,1631,4393,BEBB
722,2830,1319,4149,BEBB
723,2918,1481,4399,BEBB
724,3237,1639,4876,BEBB
725,3338,1946,5284,BEBB
726,3367,1125,4492,BEBB
727,2935,1147,4082,BEBB
728,2917,1006,3923,BEBB
729,3211,1585,4796,BEBB
730,3082,1193,4275,BEBB
731,3244,1262,4506,BEBB
732,3201,1402,4603,BEBB
733,3158,1482,4640,BEBB
734,2933,1041,3974,BEBB
735,3111,1395,4506,BEBB
736,3709,1274,4983,BEBB
737,2899,1488,4387,BEBB
738,3315,1437,4752,BEBB
739,3269,903,4172,BEBB
740,3400,1126,4526,BEBB
741,3069,1272,4341,BEBB
742,3181,1084,4265,BEBB
743,3289,1892,5181,BEBB
744,3431,1072,4503,BEBB
745,3522,1169,4691,BEBB
746,3073,1717,4790,BEBB
747,3426,1719,5145,BEBB
748,3287,1215,4502,BEBB
749,2999,1014,4013,BEBB
750,3206,1171,4377,BEBB
751,2812,1449,4261,BEBB
752,3077,1801,4878,BEBB
753,3073,1265,4338,BEBB
754,3022,1055,4077,BEBB
755,3462,1255,4717,BEBB
756,3353,1152,4505,BEBB
757,3725,1577,5302,BEBB
758,3783,1385,5168,BEBB
759,3037,1765,4802,BEBB
760,3401,1343,4744,BEBB
761,3314,1560,4874,BEBB
762,3184,1268,4452,BEBB
763,3027,1300,4327,BEBB
764,3283,1557,4840,BEBB
765,3205,1482,4687,BEBB
766,2870,1419,4289,BEBB
767,3448,1965,5413,BEBB
768,3290,1700,4990,BEBB
769,3298,1581,4879,BEBB
770,3492,1692,5184,BEBB
771,3255,1573,4828,BEBB
772,3368,1654,5022,BEBB
773,3299,1239,4538,BEBB
774,3073,1742,4815,BEBB
775,2946,1910,4856,BEBB
776,3504,1369,4873,BEBB
777,3236,1357,4593,BEBB
778,3161,1816,4977,BEBB
779,3347,1323,4670,BEBB
780,3149,1585,4734,BEBB
781,3351,1792,5143,BEBB
782,3399,1204,4603,BEBB
783,3330,1550,4880,BEBB
784,3497,1400,4897,BEBB
785,3049,1269,4318,BEBB
786,3248,1548,4796,BEBB
787,3267,1554,4821,BEBB
788,3302,1651,4953,BEBB
789,3209,1383,4592,BEBB
790,3126,1378,4504,BEBB
791,2808,1227,4035,BEBB
792,3404,1237,4641,BEBB
793,3290,1229,4519,BEBB
794,3475,1165,4640,BEBB
795,3173,1284,4457,BEBB
796,3382,1039,4421,BEBB
797,3137,1684,4821,BEBB
798,3359,1202,4561,BEBB
799,3411,1491,4902,BEBB
800,3011,1340,4351,BEBB
801,3188,1535,4723,BEBB
802,3457,1284,4741,BEBB
803,3015,1458,4473,BEBB
804,3232,1226,4458,BEBB
805,3161,1931,5092,BEBB
806,2871,1447,4318,BEBB
807,3208,1164,4372,BEBB
808,3376,982,4358,BEBB
809,3062,1213,4275,BEBB
810,3191,1320,4511,BEBB
811,3514,1270,4784,BEBB
812,3319,1322,4641,BEBB
813,3438,1473,4911,BEBB
814,3203,1335,4538,BEBB
815,3692,1329,5021,BEBB
816,3245,1545,4790,BEBB
817,3496,1510,5006,BEBB
818,3166,1214,4380,BEBB
819,3201,1215,4416,BEBB
820,3180,979,4159,BEBB
821,3125,1500,4625,BEBB
822,3341,1489,4830,BEBB
823,3159,1514,4673,BEBB
824,3391,1937,5328,BEBB
825,3477,1423,4900,BEBB
826,3424,1405,4829,BEBB
827,3348,970,4318,BEBB
828,3350,1033,4383,BEBB
829,3066,1221,4287,BEBB
830,2785,1088,3873,BEBB
831,3247,1481,4728,BEBB
832,3369,1642,5011,BEBB
833,3094,1632,4726,BEBB
834,3334,1340,4674,BEBB
835,3041,1574,4615,BEBB
836,3408,2006,5414,BEBB
837,2955,1282,4237,BEBB
838,3081,1534,4615,BEBB
839,3324,1408,4732,BEBB
840,3297,1486,4783,BEBB
841,3347,1331,4678,BEBB
842,3411,1743,5154,BEBB
843,3481,1220,4701,BEBB
844,3655,1434,5089,BEBB
845,3263,1764,5027,BEBB
846,3086,569,3655,BEBB
847,3470,1541,5011,BEBB
848,3073,1448,4521,BEBB
849,2970,1613,4583,BEBB
850,3314,1772,5086,BEBB
851,3469,1711,5180,BEBB
852,2967,1983,4950,BEBB
853,3053,1645,4698,BEBB
854,3650,1146,4796,BEBB
855,3008,1849,4857,BEBB
856,3334,1443,4777,BEBB
857,3249,1581,4830,BEBB
858,3184,1462,4646,BEBB
859,3302,1223,4525,BEBB
860,3191,1380,4571,BEBB
861,3414,1400,4814,BEBB
862,3355,1124,4479,BEBB
863,3405,1476,4881,BEBB
864,3564,1580,5144,BEBB
865,2971,1611,4582,BEBB
866,3566,1558,5124,BEBB
867,3208,1433,4641,BEBB
868,2974,1513,4487,BEBB
869,3256,1331,4587,BEBB
870,3551,1383,4934,BEBB
871,3532,1614,5146,BEBB
872,3135,1193,4328,BEBB
873,3527,1524,5051,BEBB
874,3138,1552,4690,BEBB
875,3350,1910,5260,BEBB
876,3314,1876,5190,BEBB
877,3065,1324,4389,BEBB
878,3551,1301,4852,BEBB
879,3135,1050,4185,BEBB
880,3315,1966,5281,BEBB
881,2878,1268,4146,BEBB
882,3032,1810,4842,BEBB
883,3393,1475,4868,BEBB
884,3448,1337,4785,BEBB
885,3100,1392,4492,BEBB
886,3208,1047,4255,BEBB
887,3309,1572,4881,BEBB
888,3428,962,4390,BEBB
889,3016,1564,4580,BEBB
890,3580,1236,4816,BEBB
891,3669,1438,5107,BEBB
892,3247,1183,4430,BEBB
893,3505,1545,5050,BEBB
894,3133,1232,4365,BEBB
895,3308,1515,4823,BEBB
896,3335,1525,4860,BEBB
897,3426,1360,4786,BEBB
898,2723,1687,4410,BEBB
899,3081,1725,4806,BEBB
900,3528,1385,4913,BEBB
901,3444,1573,5017,BEBB
902,3148,987,4135,BEBB
903,3433,1366,4799,BEBB
904,3332,819,4151,BEBB
905,3177,1022,4199,BEBB
906,3497,1611,5108,BEBB
907,3021,1602,4623,BEBB
908,3144,1387,4531,BEBB
909,3361,1612,4973,BEBB
910,3499,1218,4717,BEBB
911,2891,1336,4227,BEBB
912,3528,1821,5349,BEBB
913,3179,1274,4453,BEBB
914,3305,1574,4879,BEBB
915,3475,1971,5446,BEBB
916,3622,1551,5173,BEBB
917,3098,1349,4447,BEBB
918,2760,1069,3829,BEBB
919,3099,1219,4318,BEBB
920,3207,1572,4779,BEBB
921,3372,1551,4923,BEBB
922,3037,1515,4552,BEBB
923,3515,1086,4601,BEBB
924,3656,1840,5496,BEBB
925,3025,1452,4477,BEBB
926,3564,1597,5161,BEBB
927,3093,1353,4446,BEBB
928,3351,1370,4721,BEBB
929,3584,1140,4724,BEBB
930,3354,1430,4784,BEBB
931,3438,1388,4826,BEBB
932,3505,897,4402,BEBB
933,2840,1622,4462,BEBB
934,3131,1579,4710,BEBB
935,3229,1678,4907,BEBB
936,3508,1633,5141,BEBB
937,3284,1216,4500,BEBB
938,2899,1481,4380,BEBB
939,3634,1555,5189,BEBB
940,3523,1507,5030,BEBB
941,3083,899,3982,BEBB
942,2993,1923,4916,BEBB
943,3448,1437,4885,BEBB
944,3279,1109,4388,BEBB
945,3528,1737,5265,BEBB
946,3382,1506,4888,BEBB
947,3209,1679,4888,BEBB
948,3211,1474,4685,BEBB
949,3515,1522,5037,BEBB
950,3369,1811,5180,BEBB
951,3112,1321,4433,BEBB
952,3264,1161,4425,BEBB
953,3250,1636,4886,BEBB
954,3408,1215,4623,BEBB
955,3494,1417,4911,BEBB
956,3217,1084,4301,BEBB
957,2684,1717,4401,BEBB
958,3419,1458,4877,BEBB
959,2891,1921,4812,BEBB
960,3080,1418,4498,BEBB
961,3418,1449,4867,BEBB
962,3253,1808,5061,BEBB
963,2740,1866,4606,BEBB
964,3872,1325,5197,BEBB
965,3220,1138,4358,BEBB
966,3211,1775,4986,BEBB
967,3354,1602,4956,BEBB
968,3241,1404,4645,BEBB
969,3215,1449,4664,BEBB
970,3291,1283,4574,BEBB
971,3624,1406,5030,BEBB
972,2840,1671,4511,BEBB
973,3511,1658,5169,BEBB
974,3618,2028,5646,BEBB
975,3580,1485,5065,BEBB
976,3316,1415,4731,BEBB
977,2994,920,3914,BEBB
978,3019,1701,4720,BEBB
979,2993,1460,4453,BEBB
980,2848,1459,4307,BEBB
981,3285,1419,4704,BEBB
982,3343,1909,5252,BEBB
983,3167,1785,4952,BEBB
984,3689,1830,5519,BEBB
985,3299,1606,4905,BEBB
986,3504,1483,4987,BEBB
987,3067,1848,4915,BEBB
988,3720,1591,5311,BEBB
989,3452,1183,4635,BEBB
990,3227,1410,4637,BEBB
991,3114,1570,4684,BEBB
992,3116,1495,4611,BEBB
993,3103,1389,4492,BEBB
994,3414,1540,4954,BEBB
995,2907,1573,4480,BEBB
996,3184,1610,4794,BEBB
997,3448,1136,4584,BEBB
998,3061,1687,4748,BEBB
999,2922,1332,4254,BEBB
1000,3497,894,4391,BEBB
1001,2780,1434,4214,BEBB
1002,3415,1661,5076,BEBB
1003,3340,1512,4852,BEBB
1004,3610,1516,5126,BEBB
1005,3400,1348,4748,BEBB
1006,2966,1746,4712,BEBB
1007,3647,1241,4888,BEBB
1008,3129,1962,5091,BEBB
1009,3022,1372,4394,BEBB
1010,3282,1104,4386,BEBB
1011,3183,987,4170,BEBB
1012,3010,1499,4509,BEBB
1013,3046,1855,4901,BEBB
1014,3534,1398,4932,BEBB
1015,3007,1467,4474,BEBB
1016,3395,1509,4904,BEBB
1017,3243,1401,4644,BEBB
1018,3609,1184,4793,BEBB
1019,3445,1099,4544,BEBB
1020,3158,1522,4680,BEBB
1021,3238,1461,4699,BEBB
1022,2952,1126,4078,BEBB
1023,3142,1744,4886,BEBB
1024,3040,1818,4858,BEBB
1025,3185,1348,4533,BEBB
1026,3079,1201,4280,BEBB
1027,3291,1685,4976,BEBB
1028,3479,1178,4657,BEBB
1029,3210,1354,4564,BEBB
1030,3384,1516,4900,BEBB
1031,2802,1217,4019,BEBB
1032,3138,1465,4603,BEBB
1033,3220,1243,4463,BEBB
1034,3215,1397,4612,BEBB
1035,3337,1433,4770,BEBB
1036,2871,1349,4220,BEBB
1037,3201,1582,4783,BEBB
1038,3280,1589,4869,BEBB
1039,3244,1745,4989,BEBB
1040,3072,1311,4383,BEBB
1041,3359,1770,5129,BEBB
1042,3255,1715,4970,BEBB
1043,3411,1940,5351,BEBB
1,3159,2443,5602,BEMB
2,3134,2482,5616,BEMB
3,3030,2278,5308,BEMB
4,3292,2061,5353,BEMB
5,3251,2089,5340,BEMB
6,3262,2199,5461,BEMB
7,3148,2121,5269,BEMB
8,3602,1963,5565,BEMB
9,3334,2044,5378,BEMB
10,3220,1879,5099,BEMB
11,3447,2025,5472,BEMB
12,3038,2477,5515,BEMB
13,3292,2288,5580,BEMB
14,3369,2232,5601,BEMB
15,3404,2125,5529,BEMB
16,3199,2278,5477,BEMB
17,2701,2832,5533,BEMB
18,3311,2301,5612,BEMB
19,3504,1865,5369,BEMB
20,3115,2413,5528,BEMB
21,3435,2259,5694,BEMB
22,3450,1779,5229,BEMB
23,3486,2048,5534,BEMB
24,3020,2270,5290,BEMB
25,3271,2372,5643,BEMB
26,3072,2266,5338,BEMB
27,3165,2223,5388,BEMB
28,2546,2522,5068,BEMB
29,2832,2009,4841,BEMB
30,3526,2087,5613,BEMB
31,3164,2211,5375,BEMB
32,3635,2125,5760,BEMB
33,3111,2179,5290,BEMB
34,3322,2106,5428,BEMB
35,3466,2190,5656,BEMB
36,3589,1812,5401,BEMB
37,2962,2276,5238,BEMB
38,3118,2094,5212,BEMB
39,3288,1736,5024,BEMB
40,2985,1716,4701,BEMB
41,2761,1794,4555,BEMB
42,3083,2042,5125,BEMB
43,3252,2593,5845,BEMB
44,3666,2490,6156,BEMB
45,3183,2040,5223,BEMB
46,2851,2067,4918,BEMB
47,3384,2275,5659,BEMB
48,3175,2647,5822,BEMB
49,3168,2178,5346,BEMB
50,3352,2290,5642,BEMB
51,3230,2336,5566,BEMB
52,3085,2442,5527,BEMB
53,3393,2071,5464,BEMB
54,3132,2051,5183,BEMB
55,2917,2015,4932,BEMB
56,3233,2239,5472,BEMB
57,3698,2219,5917,BEMB
58,2934,1960,4894,BEMB
59,3300,2469,5769,BEMB
60,3377,2103,5480,BEMB
61,3289,2706,5995,BEMB
62,2685,1767,4452,BEMB
63,3719,2090,5809,BEMB
64,3417,2146,5563,BEMB
65,3414,1678,5092,BEMB
66,3585,2441,6026,BEMB
67,3228,2020,5248,BEMB
68,3513,2316,5829,BEMB
69,3199,1989,5188,BEMB
70,2881,1635,4516,BEMB
71,3200,2350,5550,BEMB
72,3108,2155,5263,BEMB
73,3561,2641,6202,BEMB
74,3401,2188,5589,BEMB
75,3447,2394,5841,BEMB
76,2701,2202,4903,BEMB
77,3312,1881,5193,BEMB
78,3683,1832,5515,BEMB
79,3408,2031,5439,BEMB
80,3265,2060,5325,BEMB
81,3134,2123,5257,BEMB
82,2859,2381,5240,BEMB
83,3363,2356,5719,BEMB
84,3759,2141,5900,BEMB
85,2993,2154,5147,BEMB
86,2854,2270,5124,BEMB
87,3133,2424,5557,BEMB
88,3004,2119,5123,BEMB
89,3133,1949,5082,BEMB
90,3194,2432,5626,BEMB
91,3070,1825,4895,BEMB
92,3659,2121,5780,BEMB
93,3270,2242,5512,BEMB
94,3447,1601,5048,BEMB
95,3433,2964,6397,BEMB
96,3484,2128,5612,BEMB
97,3861,1936,5797,BEMB
98,3249,2065,5314,BEMB
99,3362,1940,5302,BEMB
100,3285,1878,5163,BEMB
101,3174,2219,5393,BEMB
102,3234,2250,5484,BEMB
103,3699,1779,5478,BEMB
104,3276,2545,5821,BEMB
105,3126,2214,5340,BEMB
106,3050,1968,5018,BEMB
107,3689,2236,5925,BEMB
108,3417,2080,5497,BEMB
109,2766,2251,5017,BEMB
110,3515,2310,5825,BEMB
111,3023,2252,5275,BEMB
112,3318,2241,5559,BEMB
113,3183,2118,5301,BEMB
114,2905,2346,5251,BEMB
115,3458,2006,5464,BEMB
116,3598,1988,5586,BEMB
117,2786,2425,5211,BEMB
118,2903,1861,4764,BEMB
119,3643,2415,6058,BEMB
120,3175,1960,5135,BEMB
121,3505,2104,5609,BEMB
122,3534,2091,5625,BEMB
123,3487,2493,5980,BEMB
124,3230,2215,5445,BEMB
125,3631,2336,5967,BEMB
126,3316,2403,5719,BEMB
127,3533,2396,5929,BEMB
128,3145,2214,5359,BEMB
129,3171,2132,5303,BEMB
130,3477,2352,5829,BEMB
131,3248,2278,5526,BEMB
132,3064,1678,4742,BEMB
133,3323,2238,5561,BEMB
134,3214,2354,5568,BEMB
135,3198,2326,5524,BEMB
136,3095,1781,4876,BEMB
137,3027,2229,5256,BEMB
138,3148,2075,5223,BEMB
139,2994,2464,5458,BEMB
140,3197,2497,5694,BEMB
141,3080,2222,5302,BEMB
142,3143,2218,5361,BEMB
143,3458,2155,5613,BEMB
144,3158,2068,5226,BEMB
145,3258,2036,5294,BEMB
146,3236,1967,5203,BEMB
147,3333,2272,5605,BEMB
148,3136,2026,5162,BEMB
149,3956,2072,6028,BEMB
150,3055,1989,5044,BEMB
151,3197,2045,5242,BEMB
152,3240,2053,5293,BEMB
153,3229,1983,5212,BEMB
154,3253,1899,5152,BEMB
155,3380,2112,5492,BEMB
156,3299,2429,5728,BEMB
157,2934,1746,4680,BEMB
158,3404,2330,5734,BEMB
159,3078,1845,4923,BEMB
160,2999,2294,5293,BEMB
161,3332,2359,5691,BEMB
162,3133,2151,5284,BEMB
163,3344,2262,5606,BEMB
164,3309,2114,5423,BEMB
165,3035,2122,5157,BEMB
166,2937,2298,5235,BEMB
167,2936,2355,5291,BEMB
168,3415,2231,5646,BEMB
169,3358,2086,5444,BEMB
170,3316,2406,5722,BEMB
171,3686,2188,5874,BEMB
172,3573,2343,5916,BEMB
173,2932,2286,5218,BEMB
174,3189,1983,5172,BEMB
175,2723,2378,5101,BEMB
176,3618,2349,5967,BEMB
177,3074,2398,5472,BEMB
178,3025,2063,5088,BEMB
179,3180,2020,5200,BEMB
180,3719,1756,5475,BEMB
181,3355,1788,5143,BEMB
182,3126,2447,5573,BEMB
183,3236,1976,5212,BEMB
184,3008,2384,5392,BEMB
185,3317,1908,5225,BEMB
186,2996,2021,5017,BEMB
187,3190,2069,5259,BEMB
188,3655,2012,5667,BEMB
189,3256,2252,5508,BEMB
190,2631,2135,4766,BEMB
191,3181,2125,5306,BEMB
192,3142,2178,5320,BEMB
193,3168,2137,5305,BEMB
194,3326,2166,5492,BEMB
195,3264,2291,5555,BEMB
196,3154,1856,5010,BEMB
197,3558,2253,5811,BEMB
198,3430,2409,5839,BEMB
199,3309,2501,5810,BEMB
200,3168,2602,5770,BEMB
201,3300,2295,5595,BEMB
202,3041,2294,5335,BEMB
203,2979,2043,5022,BEMB
204,3704,2567,6271,BEMB
205,3505,2118,5623,BEMB
206,3673,1966,5639,BEMB
207,3077,2371,5448,BEMB
208,3107,2285,5392,BEMB
209,2894,2482,5376,BEMB
210,2967,2211,5178,BEMB
211,3260,2302,5562,BEMB
212,3355,2391,5746,BEMB
213,3136,2063,5199,BEMB
214,3376,2126,5502,BEMB
215,3176,2104,5280,BEMB
216,3007,2282,5289,BEMB
217,2802,1858,4660,BEMB
218,3029,2571,5600,BEMB
219,3068,2062,5130,BEMB
220,3711,2087,5798,BEMB
221,3628,2067,5695,BEMB
222,3063,2128,5191,BEMB
223,3504,2138,5642,BEMB
224,3247,2369,5616,BEMB
225,3220,2123,5343,BEMB
226,2844,1969,4813,BEMB
227,3121,2158,5279,BEMB
228,3434,2095,5529,BEMB
229,2718,2033,4751,BEMB
230,3365,2062,5427,BEMB
231,3327,2307,5634,BEMB
232,3410,2235,5645,BEMB
233,3333,1995,5328,BEMB
234,3267,2164,5431,BEMB
235,3092,2431,5523,BEMB
236,2949,1481,4430,BEMB
237,3141,2191,5332,BEMB
238,3795,2237,6032,BEMB
239,3345,2259,5604,BEMB
240,3325,2365,5690,BEMB
241,3003,2058,5061,BEMB
242,2848,2597,5445,BEMB
243,3523,2282,5805,BEMB
244,3257,2535,5792,BEMB
245,3265,2030,5295,BEMB
246,3671,2385,6056,BEMB
247,3385,2070,5455,BEMB
248,3189,2147,5336,BEMB
249,3646,2250,5896,BEMB
250,3487,2276,5763,BEMB
251,3308,2426,5734,BEMB
252,3162,1979,5141,BEMB
253,3068,2321,5389,BEMB
254,2990,2250,5240,BEMB
255,3347,2327,5674,BEMB
256,3433,2376,5809,BEMB
257,3403,2422,5825,BEMB
258,3168,1908,5076,BEMB
259,2961,2371,5332,BEMB
260,3594,2077,5671,BEMB
261,2594,1733,4327,BEMB
262,3184,1933,5117,BEMB
263,3073,1863,4936,BEMB
264,3352,1934,5286,BEMB
265,3306,1921,5227,BEMB
266,3290,2188,5478,BEMB
267,3275,1744,5019,BEMB
268,3489,2020,5509,BEMB
269,3017,2495,5512,BEMB
270,3408,1691,5099,BEMB
271,3461,1935,5396,BEMB
272,3156,2506,5662,BEMB
273,3425,2313,5738,BEMB
274,3265,1889,5154,BEMB
275,3405,2089,5494,BEMB
276,3437,2285,5722,BEMB
277,3835,2179,6014,BEMB
278,2836,2230,5066,BEMB
279,3341,2371,5712,BEMB
280,3063,2458,5521,BEMB
281,2931,2149,5080,BEMB
282,3067,2424,5491,BEMB
283,3416,2576,5992,BEMB
284,2862,2343,5205,BEMB
285,3147,2241,5388,BEMB
286,3433,1852,5285,BEMB
287,3305,1901,5206,BEMB
288,2924,2527,5451,BEMB
289,3556,2338,5894,BEMB
290,3459,2262,5721,BEMB
291,2883,2166,5049,BEMB
292,3531,2125,5656,BEMB
293,3440,1920,5360,BEMB
294,3110,2314,5424,BEMB
295,3227,1966,5193,BEMB
296,3193,2372,5565,BEMB
297,3367,1868,5235,BEMB
298,2646,2106,4752,BEMB
299,3370,2247,5617,BEMB
300,3897,2218,6115,BEMB
301,2677,2242,4919,BEMB
302,3718,2440,6158,BEMB
303,3373,2413,5786,BEMB
304,2952,1892,4844,BEMB
305,3476,1967,5443,BEMB
306,2934,2801,5735,BEMB
307,3020,2115,5135,BEMB
308,2786,2120,4906,BEMB
309,2867,2200,5067,BEMB
310,3175,1994,5169,BEMB
311,3337,2224,5561,BEMB
312,3031,2343,5374,BEMB
313,2932,2180,5112,BEMB
314,3421,1906,5327,BEMB
315,3098,2147,5245,BEMB
316,3001,2709,5710,BEMB
317,3416,2501,5917,BEMB
318,3007,2365,5372,BEMB
319,2926,1972,4898,BEMB
320,3547,1823,5370,BEMB
321,3143,2076,5219,BEMB
322,3263,2031,5294,BEMB
323,3328,2130,5458,BEMB
324,3418,2169,5587,BEMB
325,2682,2378,5060,BEMB
326,3259,2468,5727,BEMB
327,3465,2464,5929,BEMB
328,3187,1866,5053,BEMB
329,3459,2108,5567,BEMB
330,3330,1975,5305,BEMB
331,3405,1676,5081,BEMB
332,3104,2162,5266,BEMB
333,3004,2212,5216,BEMB
334,2906,1771,4677,BEMB
335,3305,2143,5448,BEMB
336,3231,2128,5359,BEMB
337,3644,1773,5417,BEMB
338,3418,2429,5847,BEMB
339,3156,2277,5433,BEMB
340,3248,1871,5119,BEMB
341,3028,2303,5331,BEMB
342,3275,2328,5603,BEMB
343,3567,2181,5748,BEMB
344,2908,2138,5046,BEMB
345,3307,1740,5047,BEMB
346,3005,2002,5007,BEMB
347,3572,2307,5879,BEMB
348,3277,2027,5304,BEMB
349,3175,1764,4939,BEMB
350,3512,1974,5486,BEMB
351,3506,2614,6120,BEMB
352,3368,2539,5907,BEMB
353,3135,1988,5123,BEMB
354,2723,2835,5558,BEMB
355,2513,1598,4111,BEMB
356,3118,2174,5292,BEMB
357,3318,2080,5398,BEMB
358,3152,2082,5234,BEMB
359,3546,2423,5969,BEMB
360,3416,2195,5611,BEMB
361,3243,2214,5457,BEMB
362,2974,1993,4967,BEMB
363,3021,2211,5232,BEMB
364,3318,1779,5097,BEMB
365,3209,2150,5359,BEMB
366,3556,2255,5811,BEMB
367,3020,1921,4941,BEMB
368,2788,1821,4609,BEMB
369,2799,2075,4874,BEMB
370,3014,2293,5307,BEMB
371,3349,2401,5750,BEMB
372,3543,2555,6098,BEMB
373,3436,1985,5421,BEMB
374,3005,2530,5535,BEMB
375,3102,2061,5163,BEMB
376,3375,2172,5547,BEMB
377,3221,2053,5274,BEMB
378,2921,2216,5137,BEMB
379,3347,1386,4733,BEMB
380,3367,1928,5295,BEMB
381,3448,2185,5633,BEMB
382,3470,2350,5820,BEMB
383,3167,2564,5731,BEMB
384,3086,2011,5097,BEMB
385,3584,1588,5172,BEMB
386,3219,1559,4778,BEMB
387,3255,2312,5567,BEMB
388,3833,2197,6030,BEMB
389,3106,2226,5332,BEMB
390,3493,2168,5661,BEMB
391,3522,2285,5807,BEMB
392,3199,2423,5622,BEMB
393,2993,1954,4947,BEMB
394,2936,2520,5456,BEMB
395,3275,1931,5206,BEMB
396,3242,1883,5125,BEMB
397,3463,2271,5734,BEMB
398,3069,2640,5709,BEMB
399,3379,2077,5456,BEMB
400,2687,2728,5415,BEMB
401,3274,2022,5296,BEMB
402,3600,2156,5756,BEMB
403,3378,2440,5818,BEMB
404,3609,1421,5030,BEMB
405,2995,1975,4970,BEMB
406,3021,2134,5155,BEMB
407,3155,2023,5178,BEMB
408,3471,2272,5743,BEMB
409,3215,2118,5333,BEMB
410,3194,2156,5350,BEMB
411,3085,2005,5090,BEMB
412,3544,2022,5566,BEMB
413,2861,1767,4628,BEMB
414,2986,2084,5070,BEMB
415,3347,1976,5323,BEMB
416,3108,2472,5580,BEMB
417,3044,2266,5310,BEMB
418,2932,1821,4753,BEMB
419,3437,2423,5860,BEMB
420,3058,2117,5175,BEMB
421,3255,1921,5176,BEMB
422,3179,1997,5176,BEMB
423,3072,2347,5419,BEMB
424,3314,2164,5478,BEMB
425,3431,2195,5626,BEMB
426,3430,2041,5471,BEMB
427,3250,2039,5289,BEMB
428,3292,2375,5667,BEMB
429,3307,2018,5325,BEMB
430,2880,2253,5133,BEMB
431,2824,1933,4757,BEMB
432,3439,2318,5757,BEMB
433,3319,2066,5385,BEMB
434,3281,2495,5776,BEMB
435,3264,2211,5475,BEMB
436,3455,1847,5302,BEMB
437,3191,2007,5198,BEMB
438,3236,2006,5242,BEMB
439,3620,2056,5676,BEMB
440,2909,2124,5033,BEMB
441,3034,2053,5087,BEMB
442,3388,2502,5890,BEMB
443,2697,2206,4903,BEMB
444,3017,2035,5052,BEMB
445,3105,2012,5117,BEMB
446,3146,2233,5379,BEMB
447,3046,2283,5329,BEMB
448,3450,2098,5548,BEMB
449,3546,2427,5973,BEMB
450,3242,1879,5121,BEMB
451,3551,2245,5796,BEMB
452,3243,2185,5428,BEMB
453,3317,2514,5831,BEMB
454,3408,2151,5559,BEMB
455,3174,1649,4823,BEMB
456,3905,1916,5821,BEMB
457,3361,2243,5604,BEMB
458,3460,2279,5739,BEMB
459,3309,2574,5883,BEMB
460,3166,2012,5178,BEMB
461,3211,1967,5178,BEMB
462,3175,2158,5333,BEMB
463,3154,2086,5240,BEMB
464,2973,2641,5614,BEMB
465,2846,2397,5243,BEMB
466,3697,2206,5903,BEMB
467,2546,2165,4711,BEMB
468,2710,1551,4261,BEMB
469,3201,1843,5044,BEMB
470,3662,2448,6110,BEMB
471,3556,1816,5372,BEMB
472,2731,2222,4953,BEMB
473,2756,2039,4795,BEMB
474,3524,2277,5801,BEMB
475,3489,2174,5663,BEMB
476,2985,2023,5008,BEMB
477,2794,2032,4826,BEMB
478,3608,2024,5632,BEMB
479,3285,1929,5214,BEMB
480,3334,2493,5827,BEMB
481,2910,2147,5057,BEMB
482,3248,2220,5468,BEMB
483,3124,2297,5421,BEMB
484,3253,2192,5445,BEMB
485,3148,2153,5301,BEMB
486,2891,1937,4828,BEMB
487,3237,2478,5715,BEMB
488,3163,1790,4953,BEMB
489,3376,2086,5462,BEMB
490,3293,2122,5415,BEMB
491,2879,1879,4758,BEMB
492,2987,1998,4985,BEMB
493,3452,1798,5250,BEMB
494,2567,1794,4361,BEMB
495,3067,2247,5314,BEMB
496,3306,1842,5148,BEMB
497,3384,2057,5441,BEMB
498,3683,2234,5917,BEMB
499,3185,1644,4829,BEMB
500,2840,2596,5436,BEMB
501,3337,2264,5601,BEMB
502,2984,1979,4963,BEMB
503,2833,2441,5274,BEMB
504,3167,2087,5254,BEMB
505,3827,2329,6156,BEMB
506,2973,2350,5323,BEMB
507,3715,2026,5741,BEMB
508,3269,2082,5351,BEMB
509,3768,2415,6183,BEMB
510,3251,2253,5504,BEMB
511,3555,2328,5883,BEMB
512,3541,2800,6341,BEMB
513,3364,1853,5217,BEMB
514,3054,2426,5480,BEMB
515,3233,2175,5408,BEMB
516,3838,2513,6351,BEMB
517,3599,2092,5691,BEMB
518,2914,2172,5086,BEMB
519,3093,2051,5144,BEMB
520,3524,1904,5428,BEMB
521,3347,1963,5310,BEMB
522,3238,2359,5597,BEMB
523,3109,1894,5003,BEMB
524,3393,2021,5414,BEMB
525,3337,2232,5569,BEMB
526,3226,1954,5180,BEMB
527,3015,2483,5498,BEMB
528,3434,1964,5398,BEMB
529,2820,2387,5207,BEMB
530,3149,2402,5551,BEMB
531,2900,2070,4970,BEMB
532,3288,1933,5221,BEMB
533,3300,1615,4915,BEMB
534,3347,2133,5480,BEMB
535,3405,2251,5656,BEMB
536,3259,2438,5697,BEMB
537,3153,2119,5272,BEMB
538,2742,1807,4549,BEMB
539,3259,1632,4891,BEMB
540,3393,1995,5388,BEMB
541,3204,2445,5649,BEMB
542,2769,1776,4545,BEMB
543,3164,1863,5027,BEMB
544,3203,2224,5427,BEMB
545,3062,1948,5010,BEMB
546,3433,2461,5894,BEMB
547,3183,1884,5067,BEMB
548,3280,2018,5298,BEMB
549,2953,2364,5317,BEMB
550,3143,2520,5663,BEMB
551,3503,2388,5891,BEMB
552,3242,2035,5277,BEMB
553,3168,2370,5538,BEMB
554,3260,1945,5205,BEMB
555,3299,2089,5388,BEMB
556,3046,2389,5435,BEMB
557,3433,1866,5299,BEMB
558,3092,2229,5321,BEMB
559,2957,2357,5314,BEMB
560,3512,1755,5267,BEMB
561,3227,2506,5733,BEMB
562,3132,2319,5451,BEMB
563,3233,2126,5359,BEMB
564,3384,2227,5611,BEMB
565,3025,1981,5006,BEMB
566,3130,1951,5081,BEMB
567,3240,2263,5503,BEMB
568,3158,2331,5489,BEMB
569,3513,2194,5707,BEMB
570,2904,2362,5266,BEMB
571,3215,2258,5473,BEMB
572,2855,2497,5352,BEMB
573,3264,2196,5460,BEMB
574,3177,2362,5539,BEMB
575,2967,2071,5038,BEMB
576,3350,1810,5160,BEMB
577,3296,2523,5819,BEMB
578,3390,2313,5703,BEMB
579,3031,2319,5350,BEMB
580,3360,2268,5628,BEMB
581,3223,2081,5304,BEMB
582,3133,2022,5155,BEMB
583,3651,2299,5950,BEMB
584,3145,2427,5572,BEMB
585,3437,1891,5328,BEMB
586,3213,2538,5751,BEMB
587,3022,2345,5367,BEMB
588,3244,1708,4952,BEMB
589,3471,2113,5584,BEMB
590,3166,2224,5390,BEMB
591,3417,2172,5589,BEMB
592,3366,2079,5445,BEMB
593,3466,2125,5591,BEMB
594,3559,2285,5844,BEMB
595,2998,2031,5029,BEMB
596,3264,2210,5474,BEMB
597,3125,2229,5354,BEMB
598,3444,2439,5883,BEMB
599,2872,1965,4837,BEMB
600,2949,2124,5073,BEMB
601,2953,1892,4845,BEMB
602,2954,2444,5398,BEMB
603,3273,2439,5712,BEMB
604,3317,2140,5457,BEMB
605,3010,2489,5499,BEMB
606,3401,1935,5336,BEMB
607,3023,2412,5435,BEMB
608,3531,2226,5757,BEMB
609,3043,2065,5108,BEMB
610,3539,2142,5681,BEMB
611,3350,2259,5609,BEMB
612,3315,2014,5329,BEMB
613,3166,2003,5169,BEMB
614,3050,2800,5850,BEMB
615,3517,2153,5670,BEMB
616,3396,1989,5385,BEMB
617,3351,2209,5560,BEMB
618,3946,1944,5890,BEMB
619,3341,2133,5474,BEMB
620,3460,2044,5504,BEMB
621,3232,2323,5555,BEMB
622,2995,2347,5342,BEMB
623,3459,1972,5431,BEMB
624,3501,2204,5705,BEMB
625,3296,2276,5572,BEMB
626,3834,2519,6353,BEMB
627,3563,2262,5825,BEMB
628,3035,2013,5048,BEMB
629,3085,1578,4663,BEMB
630,3056,2344,5400,BEMB
631,3254,2122,5376,BEMB
632,3297,2209,5506,BEMB
633,3433,2102,5535,BEMB
634,3084,2454,5538,BEMB
635,3598,1577,5175,BEMB
636,3038,1838,4876,BEMB
637,3691,2414,6105,BEMB
638,3243,2684,5927,BEMB
639,3523,2203,5726,BEMB
640,3164,2169,5333,BEMB
641,3023,2202,5225,BEMB
642,3486,2052,5538,BEMB
643,2688,2546,5234,BEMB
644,3146,2498,5644,BEMB
645,2751,2790,5541,BEMB
646,3001,2181,5182,BEMB
647,3225,2310,5535,BEMB
648,3220,1981,5201,BEMB
649,3467,2679,6146,BEMB
650,2817,1790,4607,BEMB
651,2919,1818,4737,BEMB
652,3238,2107,5345,BEMB
653,3446,2282,5728,BEMB
654,3265,2190,5455,BEMB
655,2901,2026,4927,BEMB
656,3197,2378,5575,BEMB
657,3497,2527,6024,BEMB
658,3199,2295,5494,BEMB
659,3194,2222,5416,BEMB
660,3133,2152,5285,BEMB
661,3270,1943,5213,BEMB
662,3393,1885,5278,BEMB
663,3166,2175,5341,BEMB
664,3116,2335,5451,BEMB
665,3109,2284,5393,BEMB
666,3219,2180,5399,BEMB
667,3318,1979,5297,BEMB
668,3122,2273,5395,BEMB
669,3291,2093,5384,BEMB
670,3520,2228,5748,BEMB
671,3319,2347,5666,BEMB
672,3410,2367,5777,BEMB
673,3341,2210,5551,BEMB
674,3394,2522,5916,BEMB
675,3329,2167,5496,BEMB
676,3192,1666,4858,BEMB
677,3271,2406,5677,BEMB
678,3438,1936,5374,BEMB
679,3708,2200,5908,BEMB
680,3319,2044,5363,BEMB
681,3251,2601,5852,BEMB
682,3084,2097,5181,BEMB
683,3455,2132,5587,BEMB
684,3376,2586,5962,BEMB
685,3353,1811,5164,BEMB
686,3164,2246,5410,BEMB
687,3619,2059,5678,BEMB
688,3494,2191,5685,BEMB
689,3169,2240,5409,BEMB
690,3307,2419,5726,BEMB
691,3658,2084,5742,BEMB
692,3505,2163,5668,BEMB
693,3094,2128,5222,BEMB
694,3135,1713,4848,BEMB
695,3247,2377,5624,BEMB
696,3142,2048,5190,BEMB
697,2985,1940,4925,BEMB
698,3538,2238,5776,BEMB
699,3410,2009,5419,BEMB
700,2846,2545,5391,BEMB
701,3463,2101,5564,BEMB
702,3369,2068,5437,BEMB
703,3436,2543,5979,BEMB
704,3050,2254,5304,BEMB
705,3012,2102,5114,BEMB
706,3274,1993,5267,BEMB
707,3108,2184,5292,BEMB
708,3471,2046,5517,BEMB
709,3522,2399,5921,BEMB
710,2822,2121,4943,BEMB
711,3238,2038,5276,BEMB
712,3022,2075,5097,BEMB
713,3340,1819,5159,BEMB
714,3273,1723,4996,BEMB
715,2666,1982,4648,BEMB
716,3556,2159,5715,BEMB
717,2941,2386,5327,BEMB
718,3161,1845,5006,BEMB
719,3050,2104,5154,BEMB
720,3504,2642,6146,BEMB
721,3302,1754,5056,BEMB
722,2963,1969,4932,BEMB
723,3247,2237,5484,BEMB
724,2871,2168,5039,BEMB
725,3417,2162,5579,BEMB
726,3636,2342,5978,BEMB
727,3019,2178,5197,BEMB
728,2755,2180,4935,BEMB
729,2866,2153,5019,BEMB
730,3388,2334,5722,BEMB
731,3679,1890,5569,BEMB
732,3591,2038,5629,BEMB
733,2999,2422,5421,BEMB
734,3259,2254,5513,BEMB
735,3145,2270,5415,BEMB
736,3392,2279,5671,BEMB
737,2678,1832,4510,BEMB
738,3263,2245,5508,BEMB
739,3460,2392,5852,BEMB
740,3134,2050,5184,BEMB
741,3358,2569,5927,BEMB
742,3432,1938,5370,BEMB
743,3610,2268,5878,BEMB
744,2993,2053,5046,BEMB
745,3259,2378,5637,BEMB
746,3180,2029,5209,BEMB
747,3855,2232,6087,BEMB
748,3161,1861,5022,BEMB
749,3362,2057,5419,BEMB
750,3063,2444,5507,BEMB
751,2558,2617,5175,BEMB
752,3223,2009,5232,BEMB
753,3169,2148,5317,BEMB
754,3539,2032,5571,BEMB
755,3377,2173,5550,BEMB
756,3280,1830,5110,BEMB
757,2861,2548,5409,BEMB
758,3251,2301,5552,BEMB
759,3543,2453,5996,BEMB
760,3286,2146,5432,BEMB
761,3476,2155,5631,BEMB
762,3513,2244,5757,BEMB
763,3012,2183,5195,BEMB
764,3144,2129,5273,BEMB
765,3131,1986,5117,BEMB
766,2843,1756,4599,BEMB
767,3709,2736,6445,BEMB
768,2984,2404,5388,BEMB
769,3337,2075,5412,BEMB
770,2941,2119,5060,BEMB
771,3180,2266,5446,BEMB
772,3181,1911,5092,BEMB
773,3172,2095,5267,BEMB
774,2891,1970,4861,BEMB
775,2940,2097,5037,BEMB
776,3437,2282,5719,BEMB
777,3410,2109,5519,BEMB
778,3743,2731,6474,BEMB
779,3024,2704,5728,BEMB
780,2836,1898,4734,BEMB
781,3073,2398,5471,BEMB
782,3477,2070,5547,BEMB
783,3134,1899,5033,BEMB
784,3706,2019,5725,BEMB
785,3255,2109,5364,BEMB
786,2966,1769,4735,BEMB
787,3213,2171,5384,BEMB
788,3143,2529,5672,BEMB
789,3620,2592,6212,BEMB
790,3509,2275,5784,BEMB
791,3661,2176,5837,BEMB
792,3440,2360,5800,BEMB
793,3221,2343,5564,BEMB
794,3154,1958,5112,BEMB
795,3391,2408,5799,BEMB
796,3247,2072,5319,BEMB
797,3256,2083,5339,BEMB
798,2874,1965,4839,BEMB
799,3256,2171,5427,BEMB
800,3148,1947,5095,BEMB
801,3210,2145,5355,BEMB
802,3484,2374,5858,BEMB
803,3306,2410,5716,BEMB
804,3295,2147,5442,BEMB
805,2949,1814,4763,BEMB
806,3278,2458,5736,BEMB
807,3226,1990,5216,BEMB
808,2978,2141,5119,BEMB
809,3121,2017,5138,BEMB
810,3693,2405,6098,BEMB
811,3257,2395,5652,BEMB
812,2808,2282,5090,BEMB
813,3068,1894,4962,BEMB
814,3541,2223,5764,BEMB
815,2823,2450,5273,BEMB
816,3387,2090,5477,BEMB
817,3535,2135,5670,BEMB
818,2947,2188,5135,BEMB
819,2960,2322,5282,BEMB
820,2908,2021,4929,BEMB
821,3058,2014,5072,BEMB
822,2937,2021,4958,BEMB
823,3095,2370,5465,BEMB
824,2967,2212,5179,BEMB
825,3535,2131,5666,BEMB
826,3580,2058,5638,BEMB
827,3227,2267,5494,BEMB
828,3399,2032,5431,BEMB
829,2630,2325,4955,BEMB
830,2918,2136,5054,BEMB
831,3236,2071,5307,BEMB
832,3252,2662,5914,BEMB
833,3317,1952,5269,BEMB
834,3748,2182,5930,BEMB
835,3045,2039,5084,BEMB
836,3708,2542,6250,BEMB
837,2858,2148,5006,BEMB
838,3273,2158,5431,BEMB
839,3079,2386,5465,BEMB
840,3281,2540,5821,BEMB
841,3278,1725,5003,BEMB
842,3584,2686,6270,BEMB
843,3143,2235,5378,BEMB
844,3450,2193,5643,BEMB
845,3433,2176,5609,BEMB
846,3472,2319,5791,BEMB
847,3241,1754,4995,BEMB
848,2954,2184,5138,BEMB
849,3835,1601,5436,BEMB
850,2880,2177,5057,BEMB
851,3358,2370,5728,BEMB
852,2940,2059,4999,BEMB
853,3493,2073,5566,BEMB
854,2998,2221,5219,BEMB
855,3240,2409,5649,BEMB
856,3345,1587,4932,BEMB
857,3238,1979,5217,BEMB
858,2860,2072,4932,BEMB
859,2948,2227,5175,BEMB
860,3466,2024,5490,BEMB
861,3395,1942,5337,BEMB
862,3505,2560,6065,BEMB
863,3234,2177,5411,BEMB
864,3598,2609,6207,BEMB
865,3148,1842,4990,BEMB
866,3590,2266,5856,BEMB
867,2829,1795,4624,BEMB
868,2902,2013,4915,BEMB
869,3426,2114,5540,BEMB
870,3269,2297,5566,BEMB
871,3326,2307,5633,BEMB
872,3411,1975,5386,BEMB
873,3326,2292,5618,BEMB
874,2986,2453,5439,BEMB
875,2226,2000,4226,BEMB
876,3087,2206,5293,BEMB
877,3019,2722,5741,BEMB
878,3652,1856,5508,BEMB
879,3525,2352,5877,BEMB
880,3304,2309,5613,BEMB
881,2823,2262,5085,BEMB
882,3052,1871,4923,BEMB
883,3295,2656,5951,BEMB
884,3277,2248,5525,BEMB
885,3102,2359,5461,BEMB
886,3416,2761,6177,BEMB
887,3137,2293,5430,BEMB
888,2738,1748,4486,BEMB
889,3677,2367,6044,BEMB
890,3514,2070,5584,BEMB
891,3017,2103,5120,BEMB
892,3343,1883,5226,BEMB
893,3128,2080,5208,BEMB
894,3052,2217,5269,BEMB
895,3037,1829,4866,BEMB
896,3143,1986,5129,BEMB
897,3027,1881,4908,BEMB
898,3380,2228,5608,BEMB
899,3533,2199,5732,BEMB
900,3038,1983,5021,BEMB
901,3517,2121,5638,BEMB
902,3463,2169,5632,BEMB
903,3372,1834,5206,BEMB
904,3911,2309,6220,BEMB
905,3496,2162,5658,BEMB
906,3061,2053,5114,BEMB
907,3462,2274,5736,BEMB
908,3632,2066,5698,BEMB
909,3128,2256,5384,BEMB
910,3262,1936,5198,BEMB
911,3518,2421,5939,BEMB
912,3214,2293,5507,BEMB
913,3134,1850,4984,BEMB
914,3246,1857,5103,BEMB
915,3280,2036,5316,BEMB
916,3108,2518,5626,BEMB
917,3176,1897,5073,BEMB
918,3183,2175,5358,BEMB
919,3193,2384,5577,BEMB
920,3173,1993,5166,BEMB
921,3049,2078,5127,BEMB
922,3253,1948,5201,BEMB
923,3176,1899,5075,BEMB
924,3172,2080,5252,BEMB
925,2730,2228,4958,BEMB
926,3008,2349,5357,BEMB
927,2720,1939,4659,BEMB
928,3366,2690,6056,BEMB
929,2990,2417,5407,BEMB
930,3180,2088,5268,BEMB
931,3320,2515,5835,BEMB
932,3412,1852,5264,BEMB
933,3328,1945,5273,BEMB
934,3331,2537,5868,BEMB
935,3237,2095,5332,BEMB
936,2615,2277,4892,BEMB
937,3585,2736,6321,BEMB
938,3155,2123,5278,BEMB
939,3524,2223,5747,BEMB
940,2975,2261,5236,BEMB
941,2883,2357,5240,BEMB
942,3237,2416,5653,BEMB
943,3092,2088,5180,BEMB
944,3383,2327,5710,BEMB
945,3061,2061,5122,BEMB
946,3222,2212,5434,BEMB
947,3451,2289,5740,BEMB
948,3296,2504,5800,BEMB
949,3289,2019,5308,BEMB
950,3841,2280,6121,BEMB
951,3030,2348,5378,BEMB
952,3260,2037,5297,BEMB
953,3402,2177,5579,BEMB
954,3475,2512,5987,BEMB
955,3375,1957,5332,BEMB
956,3226,2265,5491,BEMB
957,2939,2358,5297,BEMB
958,2553,1727,4280,BEMB
959,3204,2146,5350,BEMB
960,3193,2484,5677,BEMB
961,2931,1976,4907,BEMB
962,3441,2766,6207,BEMB
963,3253,2463,5716,BEMB
964,2995,2386,5381,BEMB
965,3806,2212,6018,BEMB
966,2944,2605,5549,BEMB
967,3272,1685,4957,BEMB
968,3486,2033,5519,BEMB
969,3419,2404,5823,BEMB
970,3569,2397,5966,BEMB
971,3302,2177,5479,BEMB
972,3227,2009,5236,BEMB
973,3293,2401,5694,BEMB
974,3119,2345,5464,BEMB
975,3277,2504,5781,BEMB
976,3171,2139,5310,BEMB
977,3162,2361,5523,BEMB
978,3196,2480,5676,BEMB
979,3587,1921,5508,BEMB
980,3244,2321,5565,BEMB
981,2999,1859,4858,BEMB
982,3118,2234,5352,BEMB
983,3560,2298,5858,BEMB
984,3299,1724,5023,BEMB
985,3546,2380,5926,BEMB
986,3423,1920,5343,BEMB
987,3569,2383,5952,BEMB
988,3117,2175,5292,BEMB
989,3416,1836,5252,BEMB
990,3142,2114,5256,BEMB
991,3426,1943,5369,BEMB
992,3338,1898,5236,BEMB
993,3032,1889,4921,BEMB
994,2750,2399,5149,BEMB
995,3040,2059,5099,BEMB
996,3144,2327,5471,BEMB
997,3050,1644,4694,BEMB
998,3305,2066,5371,BEMB
999,3306,2100,5406,BEMB
1000,3055,1976,5031,BEMB
1001,3027,2091,5118,BEMB
1002,3136,1978,5114,BEMB
1003,3350,2216,5566,BEMB
1004,3239,1772,5011,BEMB
1005,3378,2336,5714,BEMB
1006,3650,1668,5318,BEMB
1007,3500,1885,5385,BEMB
1008,3265,2076,5341,BEMB
1009,3205,2081,5286,BEMB
1010,3559,2335,5894,BEMB
1011,3298,2270,5568,BEMB
1012,3411,2068,5479,BEMB
1013,3506,1755,5261,BEMB
1014,3148,2092,5240,BEMB
1015,3086,2317,5403,BEMB
1016,3283,1644,4927,BEMB
1017,3501,2140,5641,BEMB
1018,3552,2415,5967,BEMB
1019,3121,2205,5326,BEMB
1020,3286,2167,5453,BEMB
1021,3358,2055,5413,BEMB
1022,3776,2230,6006,BEMB
1023,3110,2400,5510,BEMB
1024,2887,2390,5277,BEMB
1025,3007,2152,5159,BEMB
1026,3344,2217,5561,BEMB
1027,3438,1908,5346,BEMB
1028,2975,1983,4958,BEMB
1029,3215,2371,5586,BEMB
1030,3120,2190,5310,BEMB
1031,3332,2250,5582,BEMB
1032,3631,2384,6015,BEMB
1033,3180,2373,5553,BEMB
1034,3209,2315,5524,BEMB
1035,2690,1928,4618,BEMB
1036,2984,1841,4825,BEMB
1037,3552,2068,5620,BEMB
1038,3125,2268,5393,BEMB
1039,3246,1744,4990,BEMB
1040,3158,2143,5301,BEMB
1041,3179,2183,5362,BEMB
1042,3102,2065,5167,BEMB
1043,3486,2270,5756,BEMB
1,3563,1115,4678,MEBB
2,4246,1310,5556,MEBB
3,4277,1675,5952,MEBB
4,4098,1199,5297,MEBB
5,4024,1124,5148,MEBB
6,4170,1503,5673,MEBB
7,3968,1450,5418,MEBB
8,4681,2031,6712,MEBB
9,4245,1342,5587,MEBB
10,4223,1220,5443,MEBB
11,4361,1524,5885,MEBB
12,4308,1585,5893,MEBB
13,4518,896,5414,MEBB
14,4438,1381,5819,MEBB
15,4643,1382,6025,MEBB
16,4410,1286,5696,MEBB
17,4538,949,5487,MEBB
18,3844,1312,5156,MEBB
19,4102,1502,5604,MEBB
20,4463,1412,5875,MEBB
21,4375,1018,5393,MEBB
22,4009,1763,5772,MEBB
23,4463,1279,5742,MEBB
24,4428,1323,5751,MEBB
25,4421,1603,6024,MEBB
26,3973,1434,5407,MEBB
27,3844,1148,4992,MEBB
28,4238,1523,5761,MEBB
29,4280,1373,5653,MEBB
30,4083,1693,5776,MEBB
31,4018,1683,5701,MEBB
32,4560,1304,5864,MEBB
33,4318,1140,5458,MEBB
34,4300,1750,6050,MEBB
35,4436,1767,6203,MEBB
36,4145,1449,5594,MEBB
37,4240,1910,6150,MEBB
38,3942,1369,5311,MEBB
39,3981,1519,5500,MEBB
40,4065,1000,5065,MEBB
41,4029,1078,5107,MEBB
42,4758,1297,6055,MEBB
43,4018,817,4835,MEBB
44,4380,1427,5807,MEBB
45,4118,1466,5584,MEBB
46,4843,1363,6206,MEBB
47,4373,1230,5603,MEBB
48,4385,1323,5708,MEBB
49,4177,1370,5547,MEBB
50,3925,1170,5095,MEBB
51,3861,1363,5224,MEBB
52,4321,1098,5419,MEBB
53,4754,1033,5787,MEBB
54,4508,1865,6373,MEBB
55,4157,1794,5951,MEBB
56,4117,957,5074,MEBB
57,4368,1320,5688,MEBB
58,3709,1642,5351,MEBB
59,4010,1341,5351,MEBB
60,3894,1558,5452,MEBB
61,4510,1715,6225,MEBB
62,4146,1520,5666,MEBB
63,4189,1299,5488,MEBB
64,4831,1505,6336,MEBB
65,4412,1303,5715,MEBB
66,4418,1769,6187,MEBB
67,3851,1324,5175,MEBB
68,4372,1601,5973,MEBB
69,4591,1461,6052,MEBB
70,4271,1172,5443,MEBB
71,4408,1243,5651,MEBB
72,4107,1477,5584,MEBB
73,4388,1636,6024,MEBB
74,4071,1323,5394,MEBB
75,4112,1755,5867,MEBB
76,4042,919,4961,MEBB
77,4235,1585,5820,MEBB
78,4221,1229,5450,MEBB
79,3711,1465,5176,MEBB
80,4490,1435,5925,MEBB
81,4119,1773,5892,MEBB
82,4218,974,5192,MEBB
83,4383,1358,5741,MEBB
84,4588,1219,5807,MEBB
85,4551,1813,6364,MEBB
86,4041,1612,5653,MEBB
87,4597,1320,5917,MEBB
88,4097,1246,5343,MEBB
89,4426,2188,6614,MEBB
90,4266,1335,5601,MEBB
91,4274,1356,5630,MEBB
92,4130,1560,5690,MEBB
93,4336,1514,5850,MEBB
94,4741,1677,6418,MEBB
95,4505,1434,5939,MEBB
96,4134,1607,5741,MEBB
97,4382,1219,5601,MEBB
98,4019,1159,5178,MEBB
99,4410,994,5404,MEBB
100,4345,1496,5841,MEBB
101,4499,1415,5914,MEBB
102,4693,1702,6395,MEBB
103,4314,1507,5821,MEBB
104,3978,1737,5715,MEBB
105,4344,1461,5805,MEBB
106,4402,1566,5968,MEBB
107,3860,1122,4982,MEBB
108,4465,835,5300,MEBB
109,4467,1317,5784,MEBB
110,4414,1518,5932,MEBB
111,4212,1717,5929,MEBB
112,4830,1446,6276,MEBB
113,3948,1723,5671,MEBB
114,4620,1093,5713,MEBB
115,4406,1328,5734,MEBB
116,4320,1481,5801,MEBB
117,4048,1888,5936,MEBB
118,4126,1307,5433,MEBB
119,4316,1525,5841,MEBB
120,4748,1531,6279,MEBB
121,4591,1562,6153,MEBB
122,4320,1333,5653,MEBB
123,4297,1311,5608,MEBB
124,4272,1494,5766,MEBB
125,4005,1742,5747,MEBB
126,3874,1637,5511,MEBB
127,3790,1835,5625,MEBB
128,4325,1191,5516,MEBB
129,4253,1146,5399,MEBB
130,3961,1496,5457,MEBB
131,4270,1953,6223,MEBB
132,4060,1327,5387,MEBB
133,3762,1475,5237,MEBB
134,4158,1415,5573,MEBB
135,4583,1439,6022,MEBB
136,4228,1646,5874,MEBB
137,4016,1428,5444,MEBB
138,3730,1400,5130,MEBB
139,4354,1523,5877,MEBB
140,4351,1529,5880,MEBB
141,4437,1616,6053,MEBB
142,4276,1169,5445,MEBB
143,4170,1316,5486,MEBB
144,4329,1431,5760,MEBB
145,4084,1623,5707,MEBB
146,4261,1331,5592,MEBB
147,4486,1572,6058,MEBB
148,4251,1221,5472,MEBB
149,4185,1568,5753,MEBB
150,4537,1236,5773,MEBB
151,4351,1183,5534,MEBB
152,3536,1013,4549,MEBB
153,4298,1210,5508,MEBB
154,4074,1196,5270,MEBB
155,4297,1310,5607,MEBB
156,3836,1307,5143,MEBB
157,4151,1499,5650,MEBB
158,4312,1501,5813,MEBB
159,4013,1283,5296,MEBB
160,3783,1505,5288,MEBB
161,4690,1479,6169,MEBB
162,3978,1232,5210,MEBB
163,4027,1627,5654,MEBB
164,4603,1730,6333,MEBB
165,4111,1718,5829,MEBB
166,4167,1236,5403,MEBB
167,4023,1175,5198,MEBB
168,4095,1270,5365,MEBB
169,4156,1647,5803,MEBB
170,4277,1276,5553,MEBB
171,4572,1732,6304,MEBB
172,4148,1249,5397,MEBB
173,4127,1706,5833,MEBB
174,3743,1318,5061,MEBB
175,4162,1555,5717,MEBB
176,4185,1328,5513,MEBB
177,4323,1876,6199,MEBB
178,4127,1515,5642,MEBB
179,3854,1300,5154,MEBB
180,4512,1977,6489,MEBB
181,4085,883,4968,MEBB
182,4588,1419,6007,MEBB
183,4112,1508,5620,MEBB
184,3940,1396,5336,MEBB
185,3892,1504,5396,MEBB
186,4436,954,5390,MEBB
187,4449,1438,5887,MEBB
188,4311,1217,5528,MEBB
189,4101,1663,5764,MEBB
190,4689,1208,5897,MEBB
191,4167,1267,5434,MEBB
192,4275,1229,5504,MEBB
193,3928,1355,5283,MEBB
194,4395,1370,5765,MEBB
195,3639,1419,5058,MEBB
196,4130,1281,5411,MEBB
197,4416,1312,5728,MEBB
198,4358,1713,6071,MEBB
199,4306,1410,5716,MEBB
200,4667,1662,6329,MEBB
201,4206,1318,5524,MEBB
202,4200,1311,5511,MEBB
203,4394,1171,5565,MEBB
204,4046,1397,5443,MEBB
205,4518,1446,5964,MEBB
206,4454,1725,6179,MEBB
207,5070,936,6006,MEBB
208,4075,1509,5584,MEBB
209,4507,1607,6114,MEBB
210,4050,1377,5427,MEBB
211,4236,1556,5792,MEBB
212,4064,1189,5253,MEBB
213,4393,937,5330,MEBB
214,4344,1688,6032,MEBB
215,4000,1557,5557,MEBB
216,4457,1326,5783,MEBB
217,4256,1411,5667,MEBB
218,4283,1406,5689,MEBB
219,4273,1605,5878,MEBB
220,4774,1655,6429,MEBB
221,3821,810,4631,MEBB
222,4521,1189,5710,MEBB
223,4475,1486,5961,MEBB
224,4604,1033,5637,MEBB
225,4282,1160,5442,MEBB
226,4634,1845,6479,MEBB
227,4379,1596,5975,MEBB
228,4318,1499,5817,MEBB
229,4266,1530,5796,MEBB
230,3966,1452,5418,MEBB
231,4191,893,5084,MEBB
232,4420,1556,5976,MEBB
233,4266,1567,5833,MEBB
234,3953,1381,5334,MEBB
235,4650,1244,5894,MEBB
236,4062,1851,5913,MEBB
237,4391,1756,6147,MEBB
238,4271,1315,5586,MEBB
239,4371,1274,5645,MEBB
240,4392,1361,5753,MEBB
241,4102,1750,5852,MEBB
242,4153,1529,5682,MEBB
243,4354,1959,6313,MEBB
244,4430,1110,5540,MEBB
245,4066,1458,5524,MEBB
246,3478,1813,5291,MEBB
247,4241,1175,5416,MEBB
248,3902,1460,5362,MEBB
249,4050,1613,5663,MEBB
250,4414,1480,5894,MEBB
251,4290,1985,6275,MEBB
252,3996,1391,5387,MEBB
253,4204,1058,5262,MEBB
254,4350,1738,6088,MEBB
255,4142,1404,5546,MEBB
256,4440,1364,5804,MEBB
257,4429,949,5378,MEBB
258,4423,1547,5970,MEBB
259,4667,1383,6050,MEBB
260,4328,1600,5928,MEBB
261,4232,1264,5496,MEBB
262,4438,1402,5840,MEBB
263,3993,1623,5616,MEBB
264,4066,1140,5206,MEBB
265,4133,1166,5299,MEBB
266,4568,1202,5770,MEBB
267,4263,1621,5884,MEBB
268,4464,1295,5759,MEBB
269,4529,1541,6070,MEBB
270,4251,2187,6438,MEBB
271,4297,1747,6044,MEBB
272,4216,1653,5869,MEBB
273,4304,1555,5859,MEBB
274,4541,1409,5950,MEBB
275,4656,1502,6158,MEBB
276,4043,1745,5788,MEBB
277,4734,1518,6252,MEBB
278,4508,1638,6146,MEBB
279,4417,1417,5834,MEBB
280,4519,1409,5928,MEBB
281,4221,1168,5389,MEBB
282,4067,1791,5858,MEBB
283,3929,1601,5530,MEBB
284,4370,1515,5885,MEBB
285,4300,1470,5770,MEBB
286,4546,1748,6294,MEBB
287,4416,1501,5917,MEBB
288,4718,1329,6047,MEBB
289,4030,1683,5713,MEBB
290,4308,1597,5905,MEBB
291,4543,1615,6158,MEBB
292,4359,1257,5616,MEBB
293,3734,1364,5098,MEBB
294,4812,1261,6073,MEBB
295,4250,1527,5777,MEBB
296,4730,948,5678,MEBB
297,4649,963,5612,MEBB
298,4309,1504,5813,MEBB
299,4127,1676,5803,MEBB
300,4178,1482,5660,MEBB
301,4268,1439,5707,MEBB
302,4541,1291,5832,MEBB
303,4216,1642,5858,MEBB
304,3898,1454,5352,MEBB
305,4602,1320,5922,MEBB
306,3844,928,4772,MEBB
307,4075,1337,5412,MEBB
308,4482,1074,5556,MEBB
309,4618,1319,5937,MEBB
310,4356,1621,5977,MEBB
311,4431,1297,5728,MEBB
312,4697,1327,6024,MEBB
313,4131,1117,5248,MEBB
314,4290,1188,5478,MEBB
315,4426,1433,5859,MEBB
316,4111,1543,5654,MEBB
317,4188,1226,5414,MEBB
318,4352,1381,5733,MEBB
319,4618,1267,5885,MEBB
320,4205,1255,5460,MEBB
321,4625,1495,6120,MEBB
322,4599,1498,6097,MEBB
323,4040,1219,5259,MEBB
324,4243,1292,5535,MEBB
325,4098,1773,5871,MEBB
326,4124,1465,5589,MEBB
327,4460,1306,5766,MEBB
328,4354,1576,5930,MEBB
329,4324,811,5135,MEBB
330,3979,1547,5526,MEBB
331,4542,1350,5892,MEBB
332,3882,1584,5466,MEBB
333,4470,1355,5825,MEBB
334,4526,1322,5848,MEBB
335,4577,1720,6297,MEBB
336,4014,1467,5481,MEBB
337,4202,1727,5929,MEBB
338,4161,1105,5266,MEBB
339,4304,1422,5726,MEBB
340,4208,1753,5961,MEBB
341,4059,1241,5300,MEBB
342,4323,1532,5855,MEBB
343,4290,1558,5848,MEBB
344,4371,1364,5735,MEBB
345,4230,1364,5594,MEBB
346,4122,1702,5824,MEBB
347,4525,1547,6072,MEBB
348,4339,1620,5959,MEBB
349,4265,1022,5287,MEBB
350,4328,1617,5945,MEBB
351,4158,1438,5596,MEBB
352,4221,1577,5798,MEBB
353,4329,1473,5802,MEBB
354,3887,1310,5197,MEBB
355,3960,1210,5170,MEBB
356,4334,1526,5860,MEBB
357,4483,1276,5759,MEBB
358,4535,1304,5839,MEBB
359,4306,1404,5710,MEBB
360,4068,1401,5469,MEBB
361,4648,1417,6065,MEBB
362,4201,1765,5966,MEBB
363,4375,1510,5885,MEBB
364,4346,1433,5779,MEBB
365,3884,1592,5476,MEBB
366,4412,1478,5890,MEBB
367,4528,1335,5863,MEBB
368,4442,1278,5720,MEBB
369,3983,1160,5143,MEBB
370,4340,1330,5670,MEBB
371,4022,1300,5322,MEBB
372,4294,1115,5409,MEBB
373,4053,1123,5176,MEBB
374,4509,1151,5660,MEBB
375,4409,1316,5725,MEBB
376,4803,1163,5966,MEBB
377,4486,1372,5858,MEBB
378,4502,1221,5723,MEBB
379,4559,1506,6065,MEBB
380,4185,1558,5743,MEBB
381,4115,1143,5258,MEBB
382,4181,1283,5464,MEBB
383,4618,1314,5932,MEBB
384,4300,1209,5509,MEBB
385,4243,1507,5750,MEBB
386,4395,1467,5862,MEBB
387,4094,1371,5465,MEBB
388,4101,1590,5691,MEBB
389,4612,1202,5814,MEBB
390,4598,1707,6305,MEBB
391,4266,1432,5698,MEBB
392,4434,1714,6148,MEBB
393,3906,1485,5391,MEBB
394,3922,1293,5215,MEBB
395,3882,1761,5643,MEBB
396,4051,1629,5680,MEBB
397,4397,1711,6108,MEBB
398,4101,1306,5407,MEBB
399,4448,1489,5937,MEBB
400,4309,1964,6273,MEBB
401,4136,862,4998,MEBB
402,4316,1740,6056,MEBB
403,4083,1278,5361,MEBB
404,4424,1639,6063,MEBB
405,4367,2001,6368,MEBB
406,4112,1303,5415,MEBB
407,4062,1695,5757,MEBB
408,3928,1344,5272,MEBB
409,3934,1269,5203,MEBB
410,4413,1741,6154,MEBB
411,3669,1461,5130,MEBB
412,3836,1274,5110,MEBB
413,4066,1266,5332,MEBB
414,4183,1083,5266,MEBB
415,4247,1338,5585,MEBB
416,4386,971,5357,MEBB
417,4410,1825,6235,MEBB
418,3963,1450,5413,MEBB
419,3914,1674,5588,MEBB
420,4186,1582,5768,MEBB
421,4445,952,5397,MEBB
422,4632,1653,6285,MEBB
423,4569,1724,6293,MEBB
424,4382,1831,6213,MEBB
425,4309,1330,5639,MEBB
426,4215,1307,5522,MEBB
427,3870,1321,5191,MEBB
428,4238,1621,5859,MEBB
429,4187,1298,5485,MEBB
430,4091,1240,5331,MEBB
431,4011,1353,5364,MEBB
432,4405,1992,6397,MEBB
433,4447,1138,5585,MEBB
434,4331,1496,5827,MEBB
435,4290,1581,5871,MEBB
436,4509,1574,6083,MEBB
437,4284,1285,5569,MEBB
438,4436,1661,6097,MEBB
439,4298,1679,5977,MEBB
440,4380,1457,5837,MEBB
441,4095,1394,5489,MEBB
442,4113,1404,5517,MEBB
443,4235,1725,5960,MEBB
444,4253,1479,5732,MEBB
445,4238,1460,5698,MEBB
446,3846,1290,5136,MEBB
447,4318,1976,6294,MEBB
448,4228,1395,5623,MEBB
449,4477,1439,5916,MEBB
450,4344,1613,5957,MEBB
451,4302,1687,5989,MEBB
452,3860,1393,5253,MEBB
453,4549,1511,6060,MEBB
454,4207,1312,5519,MEBB
455,4290,1399,5689,MEBB
456,4533,1128,5661,MEBB
457,4532,1398,5930,MEBB
458,4221,1635,5856,MEBB
459,4196,1612,5808,MEBB
460,4297,1856,6153,MEBB
461,4519,1535,6054,MEBB
462,3907,1011,4918,MEBB
463,4321,1439,5760,MEBB
464,4668,1552,6220,MEBB
465,4621,1204,5825,MEBB
466,4302,1298,5600,MEBB
467,4250,1234,5484,MEBB
468,3916,1227,5143,MEBB
469,4408,1041,5449,MEBB
470,4193,1494,5687,MEBB
471,4433,1689,6122,MEBB
472,4624,1518,6142,MEBB
473,4557,1449,6006,MEBB
474,4136,1260,5396,MEBB
475,4411,1370,5781,MEBB
476,4324,1125,5449,MEBB
477,4353,1568,5921,MEBB
478,3733,1402,5135,MEBB
479,4103,1739,5842,MEBB
480,4343,1181,5524,MEBB
481,4148,1491,5639,MEBB
482,4297,1536,5833,MEBB
483,4304,1811,6115,MEBB
484,4274,1905,6179,MEBB
485,4118,1164,5282,MEBB
486,4216,1255,5471,MEBB
487,3643,1347,4990,MEBB
488,4088,2097,6185,MEBB
489,4081,1683,5764,MEBB
490,4677,1485,6162,MEBB
491,4257,957,5214,MEBB
492,4470,1144,5614,MEBB
493,4200,1447,5647,MEBB
494,4448,1808,6256,MEBB
495,4291,1512,5803,MEBB
496,4428,1348,5776,MEBB
497,4356,973,5329,MEBB
498,4059,1549,5608,MEBB
499,3913,1711,5624,MEBB
500,4309,1414,5723,MEBB
501,4258,1276,5534,MEBB
502,4682,1736,6418,MEBB
503,4098,1078,5176,MEBB
504,3950,1623,5573,MEBB
505,4621,1363,5984,MEBB
506,4158,1691,5849,MEBB
507,4440,1967,6407,MEBB
508,4208,1306,5514,MEBB
509,4653,1525,6178,MEBB
510,3985,1337,5322,MEBB
511,4373,1520,5893,MEBB
512,4406,1316,5722,MEBB
513,4180,1456,5636,MEBB
514,4066,1121,5187,MEBB
515,4209,1782,5991,MEBB
516,4219,1308,5527,MEBB
517,4269,1789,6058,MEBB
518,4263,1816,6079,MEBB
519,4294,1707,6001,MEBB
520,4386,1453,5839,MEBB
521,4138,1157,5295,MEBB
522,4068,1375,5443,MEBB
523,4153,1412,5565,MEBB
524,4162,1551,5713,MEBB
525,4658,1483,6141,MEBB
526,4242,1164,5406,MEBB
527,4189,1794,5983,MEBB
528,4128,1409,5537,MEBB
529,4182,1031,5213,MEBB
530,4280,1493,5773,MEBB
531,4634,1521,6155,MEBB
532,4365,1479,5844,MEBB
533,3524,921,4445,MEBB
534,4338,1607,5945,MEBB
535,4528,1490,6018,MEBB
536,4082,1466,5548,MEBB
537,4506,1595,6101,MEBB
538,4331,1560,5891,MEBB
539,4122,1556,5678,MEBB
540,3946,1926,5872,MEBB
541,3957,1652,5609,MEBB
542,4327,1256,5583,MEBB
543,4094,1438,5532,MEBB
544,4188,1146,5334,MEBB
545,4437,1776,6213,MEBB
546,4413,1547,5960,MEBB
547,4537,1517,6054,MEBB
548,4319,1509,5828,MEBB
549,4370,1303,5673,MEBB
550,4021,1339,5360,MEBB
551,4478,1316,5794,MEBB
552,4243,1529,5772,MEBB
553,4537,1246,5783,MEBB
554,4211,1325,5536,MEBB
555,3735,1215,4950,MEBB
556,4228,1600,5828,MEBB
557,4272,1402,5674,MEBB
558,4332,1557,5889,MEBB
559,4406,951,5357,MEBB
560,3882,1427,5309,MEBB
561,4140,1447,5587,MEBB
562,4426,1217,5643,MEBB
563,4485,1465,5950,MEBB
564,4003,1198,5201,MEBB
565,4146,1688,5834,MEBB
566,4503,1677,6180,MEBB
567,3959,1481,5440,MEBB
568,4112,1334,5446,MEBB
569,4012,1560,5572,MEBB
570,4643,1262,5905,MEBB
571,4213,1561,5774,MEBB
572,4195,1389,5584,MEBB
573,4129,1513,5642,MEBB
574,4697,1437,6134,MEBB
575,4224,1431,5655,MEBB
576,4146,1362,5508,MEBB
577,4625,1412,6037,MEBB
578,4333,1229,5562,MEBB
579,4431,1458,5889,MEBB
580,4432,1456,5888,MEBB
581,4373,1397,5770,MEBB
582,4193,1270,5463,MEBB
583,4132,1670,5802,MEBB
584,3950,1546,5496,MEBB
585,4303,1611,5914,MEBB
586,4277,1334,5611,MEBB
587,4402,1543,5945,MEBB
588,4184,1246,5430,MEBB
589,4433,1638,6071,MEBB
590,4462,1383,5845,MEBB
591,4098,1844,5942,MEBB
592,4535,1299,5834,MEBB
593,4629,1338,5967,MEBB
594,4063,1192,5255,MEBB
595,4364,1043,5407,MEBB
596,3948,1786,5734,MEBB
597,4050,1671,5721,MEBB
598,3968,995,4963,MEBB
599,4725,1421,6146,MEBB
600,4137,1677,5814,MEBB
601,3831,1494,5325,MEBB
602,4356,1450,5806,MEBB
603,4041,1679,5720,MEBB
604,4345,1528,5873,MEBB
605,4119,1468,5587,MEBB
606,4258,1816,6074,MEBB
607,4526,1330,5856,MEBB
608,4276,1421,5697,MEBB
609,4800,1088,5888,MEBB
610,4515,1260,5775,MEBB
611,4516,1343,5859,MEBB
612,3877,1278,5155,MEBB
613,3982,1335,5317,MEBB
614,4503,1506,6009,MEBB
615,4311,1743,6054,MEBB
616,4163,1331,5494,MEBB
617,3986,1799,5785,MEBB
618,4610,1335,5945,MEBB
619,4199,1381,5580,MEBB
620,4676,1438,6114,MEBB
621,4050,1227,5277,MEBB
622,4523,1508,6031,MEBB
623,3816,1591,5407,MEBB
624,3798,1694,5492,MEBB
625,4487,1282,5769,MEBB
626,4278,1341,5619,MEBB
627,4403,1481,5884,MEBB
628,4282,1583,5865,MEBB
629,4040,1700,5740,MEBB
630,4675,1570,6245,MEBB
631,4126,1475,5601,MEBB
632,4480,1353,5833,MEBB
633,4264,1659,5923,MEBB
634,4138,1520,5658,MEBB
635,4533,1163,5696,MEBB
636,4180,1750,5930,MEBB
637,4405,1822,6227,MEBB
638,4247,1378,5625,MEBB
639,4133,1325,5458,MEBB
640,4073,1380,5453,MEBB
641,4199,1168,5367,MEBB
642,4267,1873,6140,MEBB
643,3988,1562,5550,MEBB
644,4179,1729,5908,MEBB
645,4345,1239,5584,MEBB
646,4183,1477,5660,MEBB
647,4638,1590,6228,MEBB
648,3854,1397,5251,MEBB
649,4171,1461,5632,MEBB
650,4081,1588,5669,MEBB
651,4321,1465,5786,MEBB
652,4538,1098,5636,MEBB
653,4407,1306,5713,MEBB
654,3905,1582,5487,MEBB
655,4223,1126,5349,MEBB
656,4246,1843,6089,MEBB
657,4286,1705,5991,MEBB
658,4122,1465,5587,MEBB
659,4380,1291,5671,MEBB
660,4130,1340,5470,MEBB
661,3847,1189,5036,MEBB
662,4526,1164,5690,MEBB
663,4473,1348,5821,MEBB
664,3884,1460,5344,MEBB
665,3336,1411,4747,MEBB
666,3815,1207,5022,MEBB
667,4582,1106,5688,MEBB
668,4082,1714,5796,MEBB
669,4578,967,5545,MEBB
670,4363,1667,6030,MEBB
671,3965,1430,5395,MEBB
672,4494,1241,5735,MEBB
673,4336,1664,6000,MEBB
674,4115,1317,5432,MEBB
675,3694,820,4514,MEBB
676,4098,1827,5925,MEBB
677,4217,1450,5667,MEBB
678,4442,1430,5872,MEBB
679,4144,1870,6014,MEBB
680,3871,1315,5186,MEBB
681,3885,1520,5405,MEBB
682,4544,1286,5830,MEBB
683,4483,986,5469,MEBB
684,3917,1287,5204,MEBB
685,4436,1907,6343,MEBB
686,4233,1815,6048,MEBB
687,4539,1207,5746,MEBB
688,4189,1541,5730,MEBB
689,3853,1088,4941,MEBB
690,4178,1548,5726,MEBB
691,4241,1835,6076,MEBB
692,4282,1417,5699,MEBB
693,4335,1289,5624,MEBB
694,4393,1372,5765,MEBB
695,3973,1614,5587,MEBB
696,4272,2107,6379,MEBB
697,3656,1693,5349,MEBB
698,4462,1352,5814,MEBB
699,4928,1220,6148,MEBB
700,4686,1669,6355,MEBB
701,4064,1477,5541,MEBB
702,4382,1805,6187,MEBB
703,4411,1665,6076,MEBB
704,4398,1470,5868,MEBB
705,4324,1391,5715,MEBB
706,4370,1505,5875,MEBB
707,4039,1195,5234,MEBB
708,4573,1464,6037,MEBB
709,4365,1040,5405,MEBB
710,4538,1479,6017,MEBB
711,4650,1798,6448,MEBB
712,4093,1622,5715,MEBB
713,3854,1353,5207,MEBB
714,4036,1430,5466,MEBB
715,4587,1647,6234,MEBB
716,4275,1457,5732,MEBB
717,4051,1472,5523,MEBB
718,4494,1513,6007,MEBB
719,4528,1387,5915,MEBB
720,4451,1133,5584,MEBB
721,4162,1154,5316,MEBB
722,4139,1449,5588,MEBB
723,4587,1687,6274,MEBB
724,4067,1388,5455,MEBB
725,3973,1175,5148,MEBB
726,4318,1625,5943,MEBB
727,4398,1422,5820,MEBB
728,4587,1875,6462,MEBB
729,4140,1503,5643,MEBB
730,4066,1252,5318,MEBB
731,4449,1508,5957,MEBB
732,3802,1361,5163,MEBB
733,4656,1224,5880,MEBB
734,4459,1107,5566,MEBB
735,4196,698,4894,MEBB
736,4464,1208,5672,MEBB
737,3873,1629,5502,MEBB
738,4381,1517,5898,MEBB
739,3962,997,4959,MEBB
740,4634,1557,6191,MEBB
741,3965,1167,5132,MEBB
742,4076,1081,5157,MEBB
743,4409,871,5280,MEBB
744,4198,1565,5763,MEBB
745,4061,1579,5640,MEBB
746,4433,1212,5645,MEBB
747,3720,1455,5175,MEBB
748,4502,1287,5789,MEBB
749,4150,1723,5873,MEBB
750,4648,1503,6151,MEBB
751,4086,1282,5368,MEBB
752,4217,1268,5485,MEBB
753,4085,1080,5165,MEBB
754,4088,1843,5931,MEBB
755,3744,1464,5208,MEBB
756,4470,1397,5867,MEBB
757,4059,1743,5802,MEBB
758,4179,1239,5418,MEBB
759,4666,932,5598,MEBB
760,4471,1039,5510,MEBB
761,4730,1975,6705,MEBB
762,4518,1093,5611,MEBB
763,3937,1322,5259,MEBB
764,3877,1157,5034,MEBB
765,4334,1458,5792,MEBB
766,4123,1205,5328,MEBB
767,4546,1337,5883,MEBB
768,4499,1417,5916,MEBB
769,4394,931,5325,MEBB
770,3920,1559,5479,MEBB
771,4370,1313,5683,MEBB
772,3784,1579,5363,MEBB
773,4402,1683,6085,MEBB
774,4578,1621,6199,MEBB
775,4371,1942,6313,MEBB
776,4508,1342,5850,MEBB
777,4548,1243,5791,MEBB
778,4110,1583,5693,MEBB
779,4378,1450,5828,MEBB
780,4433,1620,6053,MEBB
781,4120,1018,5138,MEBB
782,4415,1633,6048,MEBB
783,4282,1722,6004,MEBB
784,4454,1011,5465,MEBB
785,4640,1747,6387,MEBB
786,4505,1878,6383,MEBB
787,4039,1373,5412,MEBB
788,4005,1390,5395,MEBB
789,4216,1548,5764,MEBB
790,4373,1405,5778,MEBB
791,4179,1925,6104,MEBB
792,4476,1400,5876,MEBB
793,4401,1319,5720,MEBB
794,3998,1118,5116,MEBB
795,4093,1387,5480,MEBB
796,4502,1593,6095,MEBB
797,4130,1237,5367,MEBB
798,4213,1255,5468,MEBB
799,4108,1660,5768,MEBB
800,4409,1372,5781,MEBB
801,4313,1537,5850,MEBB
802,4454,1539,5993,MEBB
803,3970,1154,5124,MEBB
804,3933,1557,5490,MEBB
805,4017,1542,5559,MEBB
806,4202,1654,5856,MEBB
807,4423,1442,5865,MEBB
808,4321,1145,5466,MEBB
809,3856,1517,5373,MEBB
810,4016,1644,5660,MEBB
811,4560,1461,6021,MEBB
812,3970,1789,5759,MEBB
813,4312,1117,5429,MEBB
814,4190,1118,5308,MEBB
815,4177,1898,6075,MEBB
816,4267,1724,5991,MEBB
817,4525,1455,5980,MEBB
818,4362,1586,5948,MEBB
819,4351,1624,5975,MEBB
820,4198,1502,5700,MEBB
821,4182,1167,5349,MEBB
822,3934,1334,5268,MEBB
823,4219,1165,5384,MEBB
824,3974,876,4850,MEBB
825,4122,1201,5323,MEBB
826,4167,1231,5398,MEBB
827,4510,1047,5557,MEBB
828,4465,1340,5805,MEBB
829,4254,1407,5661,MEBB
830,3705,1601,5306,MEBB
831,4224,1378,5602,MEBB
832,4444,1414,5858,MEBB
833,4111,1631,5742,MEBB
834,3972,1445,5417,MEBB
835,3777,1136,4913,MEBB
836,4426,1530,5956,MEBB
837,4614,1326,5940,MEBB
838,4390,1363,5753,MEBB
839,4192,1584,5776,MEBB
840,4263,1620,5883,MEBB
841,4777,1305,6082,MEBB
842,4100,1151,5251,MEBB
843,4364,1572,5936,MEBB
844,4617,1399,6016,MEBB
845,4497,1425,5922,MEBB
846,4244,1751,5995,MEBB
847,4282,1365,5647,MEBB
848,4401,1625,6026,MEBB
849,4326,1309,5635,MEBB
850,4355,1531,5886,MEBB
851,4249,1147,5396,MEBB
852,4367,1024,5391,MEBB
853,4219,1297,5516,MEBB
854,3674,1704,5378,MEBB
855,4290,1460,5750,MEBB
856,4522,1493,6015,MEBB
857,4451,1560,6011,MEBB
858,4477,1296,5773,MEBB
859,4348,1282,5630,MEBB
860,4221,2016,6237,MEBB
861,4628,1671,6299,MEBB
862,4263,1610,5873,MEBB
863,4008,1578,5586,MEBB
864,4059,1349,5408,MEBB
865,3941,1512,5453,MEBB
866,4402,1547,5949,MEBB
867,3655,1250,4905,MEBB
868,4256,1484,5740,MEBB
869,4573,1142,5715,MEBB
870,4486,1779,6265,MEBB
871,4376,1725,6101,MEBB
872,3945,1583,5528,MEBB
873,4250,1439,5689,MEBB
874,4718,1966,6684,MEBB
875,4747,1738,6485,MEBB
876,4290,1747,6037,MEBB
877,4175,2002,6177,MEBB
878,3954,1056,5010,MEBB
879,4262,1447,5709,MEBB
880,4526,1501,6027,MEBB
881,4192,1113,5305,MEBB
882,4634,1033,5667,MEBB
883,4700,1238,5938,MEBB
884,4786,1294,6080,MEBB
885,4423,1108,5531,MEBB
886,4244,1837,6081,MEBB
887,4564,1424,5988,MEBB
888,4171,1212,5383,MEBB
889,4248,1660,5908,MEBB
890,4767,867,5634,MEBB
891,4404,1726,6130,MEBB
892,3864,1700,5564,MEBB
893,4485,1753,6238,MEBB
894,4156,1525,5681,MEBB
895,4427,1227,5654,MEBB
896,4845,1390,6235,MEBB
897,3960,1621,5581,MEBB
898,4369,974,5343,MEBB
899,4421,984,5405,MEBB
900,4601,1294,5895,MEBB
901,4020,1320,5340,MEBB
902,4396,1266,5662,MEBB
903,4333,1499,5832,MEBB
904,4121,1539,5660,MEBB
905,4753,1408,6161,MEBB
906,4524,1605,6129,MEBB
907,4422,1148,5570,MEBB
908,4423,1644,6067,MEBB
909,3991,1714,5705,MEBB
910,4193,1818,6011,MEBB
911,4203,1673,5876,MEBB
912,4465,1234,5699,MEBB
913,4215,1210,5425,MEBB
914,4283,1659,5942,MEBB
915,4279,1587,5866,MEBB
916,3867,1486,5353,MEBB
917,3965,1178,5143,MEBB
918,4342,1489,5831,MEBB
919,4034,1337,5371,MEBB
920,4325,1580,5905,MEBB
921,4103,1210,5313,MEBB
922,4002,1312,5314,MEBB
923,3996,1089,5085,MEBB
924,4242,1356,5598,MEBB
925,3460,1774,5234,MEBB
926,4497,1773,6270,MEBB
927,4487,1564,6051,MEBB
928,4364,1634,5998,MEBB
929,3936,1530,5466,MEBB
930,3880,1187,5067,MEBB
931,4268,1272,5540,MEBB
932,4339,1853,6192,MEBB
933,4792,1387,6179,MEBB
934,4424,1816,6240,MEBB
935,4137,1707,5844,MEBB
936,4062,1502,5564,MEBB
937,4108,1166,5274,MEBB
938,4123,1300,5423,MEBB
939,3919,914,4833,MEBB
940,4033,1648,5681,MEBB
941,4567,1020,5587,MEBB
942,4236,1599,5835,MEBB
943,4059,1293,5352,MEBB
944,4089,1197,5286,MEBB
945,4396,1834,6230,MEBB
946,4432,1166,5598,MEBB
947,4493,1662,6155,MEBB
948,4261,1476,5737,MEBB
949,4284,1692,5976,MEBB
950,3935,1575,5510,MEBB
951,4419,1334,5753,MEBB
952,4251,1177,5428,MEBB
953,4237,1165,5402,MEBB
954,4537,1507,6044,MEBB
955,4193,1627,5820,MEBB
956,4187,1638,5825,MEBB
957,4280,1123,5403,MEBB
958,3819,1330,5149,MEBB
959,4248,1970,6218,MEBB
960,4217,1381,5598,MEBB
961,4411,1734,6145,MEBB
962,3745,1626,5371,MEBB
963,4093,1020,5113,MEBB
964,4073,1045,5118,MEBB
965,4249,1597,5846,MEBB
966,4344,1563,5907,MEBB
967,4548,1528,6076,MEBB
968,4348,1237,5585,MEBB
969,4333,1616,5949,MEBB
970,4507,1696,6203,MEBB
971,4002,1665,5667,MEBB
972,4326,1873,6199,MEBB
973,4447,1534,5981,MEBB
974,4353,1592,5945,MEBB
975,4041,1405,5446,MEBB
976,4361,1159,5520,MEBB
977,4300,1745,6045,MEBB
978,4851,1764,6615,MEBB
979,4279,910,5189,MEBB
980,4283,1131,5414,MEBB
981,4569,1470,6039,MEBB
982,4346,1400,5746,MEBB
983,4518,1162,5680,MEBB
984,4031,1423,5454,MEBB
985,4072,1489,5561,MEBB
986,3917,1897,5814,MEBB
987,4519,1492,6011,MEBB
988,4485,1013,5498,MEBB
989,4026,1585,5611,MEBB
990,4038,1844,5882,MEBB
991,4462,1676,6138,MEBB
992,4182,1334,5516,MEBB
993,4261,1189,5450,MEBB
994,4120,1209,5329,MEBB
995,4434,1673,6107,MEBB
996,4261,1502,5763,MEBB
997,4408,1767,6175,MEBB
998,3890,1395,5285,MEBB
999,4475,1262,5737,MEBB
1000,4129,1524,5653,MEBB
1001,4229,1394,5623,MEBB
1002,4235,1297,5532,MEBB
1003,4334,1890,6224,MEBB
1004,4415,1487,5902,MEBB
1005,4666,1502,6168,MEBB
1006,4208,1697,5905,MEBB
1007,5036,1596,6632,MEBB
1008,3891,1495,5386,MEBB
1009,4857,1291,6148,MEBB
1010,4282,1542,5824,MEBB
1011,4287,1235,5522,MEBB
1012,4226,1559,5785,MEBB
1013,4465,1327,5792,MEBB
1014,4104,2176,6280,MEBB
1015,4640,1562,6202,MEBB
1016,4154,1183,5337,MEBB
1017,4222,1485,5707,MEBB
1018,4371,1412,5783,MEBB
1019,4479,1795,6274,MEBB
1020,4328,1393,5721,MEBB
1021,4015,1775,5790,MEBB
1022,4381,957,5338,MEBB
1023,4271,1539,5810,MEBB
1024,4516,1244,5760,MEBB
1025,4588,1908,6496,MEBB
1026,4396,1830,6226,MEBB
1027,4177,1908,6085,MEBB
1028,4643,1233,5876,MEBB
1029,3925,1642,5567,MEBB
1030,4458,1744,6202,MEBB
1031,4248,1209,5457,MEBB
1032,4133,1262,5395,MEBB
1033,4442,1383,5825,MEBB
1034,4551,1390,5941,MEBB
1035,4158,1499,5657,MEBB
1036,4035,1380,5415,MEBB
1037,4365,1213,5578,MEBB
1038,3993,901,4894,MEBB
1039,4216,1628,5844,MEBB
1040,4440,1583,6023,MEBB
1041,4119,1368,5487,MEBB
1042,4400,617,5017,MEBB
1043,4003,1589,5592,MEBB
1,4236,1955,6191,MEMB
2,4606,1907,6513,MEMB
3,4295,2448,6743,MEMB
4,4604,1782,6386,MEMB
5,4362,2236,6598,MEMB
6,4118,1810,5928,MEMB
7,4580,2475,7055,MEMB
8,4221,1796,6017,MEMB
9,4129,2482,6611,MEMB
10,4362,2540,6902,MEMB
11,4084,1782,5866,MEMB
12,4370,1982,6352,MEMB
13,4404,1613,6017,MEMB
14,4176,2402,6578,MEMB
15,4064,2585,6649,MEMB
16,4482,1876,6358,MEMB
17,3631,2000,5631,MEMB
18,4154,2067,6221,MEMB
19,4180,2139,6319,MEMB
20,4417,2476,6893,MEMB
21,4205,2000,6205,MEMB
22,4298,2115,6413,MEMB
23,4213,1981,6194,MEMB
24,4016,2092,6108,MEMB
25,4244,2383,6627,MEMB
26,4686,2006,6692,MEMB
27,4221,2194,6415,MEMB
28,4005,2187,6192,MEMB
29,4189,2081,6270,MEMB
30,4417,1754,6171,MEMB
31,3867,2157,6024,MEMB
32,4359,2175,6534,MEMB
33,4369,2358,6727,MEMB
34,4559,1919,6478,MEMB
35,4343,2235,6578,MEMB
36,4056,2130,6186,MEMB
37,4329,2114,6443,MEMB
38,4281,2568,6849,MEMB
39,4892,1734,6626,MEMB
40,3970,2579,6549,MEMB
41,4445,1782,6227,MEMB
42,4216,2284,6500,MEMB
43,4106,2517,6623,MEMB
44,3813,2080,5893,MEMB
45,4317,1755,6072,MEMB
46,3888,2451,6339,MEMB
47,4356,1943,6299,MEMB
48,4119,2377,6496,MEMB
49,4458,2138,6596,MEMB
50,4429,2211,6640,MEMB
51,4062,2245,6307,MEMB
52,4418,2281,6699,MEMB
53,4389,1979,6368,MEMB
54,4556,1960,6516,MEMB
55,4174,2346,6520,MEMB
56,4225,2224,6449,MEMB
57,4276,2336,6612,MEMB
58,4116,2202,6318,MEMB
59,4155,2089,6244,MEMB
60,3977,2011,5988,MEMB
61,4377,2054,6431,MEMB
62,4239,2080,6319,MEMB
63,3964,2147,6111,MEMB
64,3973,1943,5916,MEMB
65,4061,1775,5836,MEMB
66,3742,2122,5864,MEMB
67,4591,2154,6745,MEMB
68,4031,2651,6682,MEMB
69,4302,2130,6432,MEMB
70,4677,2394,7071,MEMB
71,4365,2009,6374,MEMB
72,4373,2029,6402,MEMB
73,3946,2127,6073,MEMB
74,4421,2467,6888,MEMB
75,4345,2358,6703,MEMB
76,4229,1964,6193,MEMB
77,4165,2142,6307,MEMB
78,4130,2445,6575,MEMB
79,4490,2493,6983,MEMB
80,3924,2234,6158,MEMB
81,4878,2161,7039,MEMB
82,4256,2232,6488,MEMB
83,4001,1885,5886,MEMB
84,4455,2137,6592,MEMB
85,3729,1926,5655,MEMB
86,4652,2250,6902,MEMB
87,4579,2030,6609,MEMB
88,4283,2094,6377,MEMB
89,4164,2102,6266,MEMB
90,4092,2220,6312,MEMB
91,4159,2158,6317,MEMB
92,4236,2569,6805,MEMB
93,3857,2024,5881,MEMB
94,4183,1942,6125,MEMB
95,4209,2495,6704,MEMB
96,4527,2384,6911,MEMB
97,4224,2069,6293,MEMB
98,3799,2015,5814,MEMB
99,3959,2508,6467,MEMB
100,4384,2144,6528,MEMB
101,4070,2392,6462,MEMB
102,4260,2377,6637,MEMB
103,4261,1936,6197,MEMB
104,3959,2085,6044,MEMB
105,3940,2270,6210,MEMB
106,4199,2173,6372,MEMB
107,4288,1877,6165,MEMB
108,4156,2166,6322,MEMB
109,4482,1919,6401,MEMB
110,4456,2099,6555,MEMB
111,4322,1802,6124,MEMB
112,4593,2299,6892,MEMB
113,4419,2232,6651,MEMB
114,4479,2439,6918,MEMB
115,4042,2154,6196,MEMB
116,4379,2174,6553,MEMB
117,4201,1978,6179,MEMB
118,4146,2008,6154,MEMB
119,4469,2198,6667,MEMB
120,4311,1860,6171,MEMB
121,4165,2536,6701,MEMB
122,4422,2109,6531,MEMB
123,4240,2028,6268,MEMB
124,4429,2106,6535,MEMB
125,4844,1987,6831,MEMB
126,4436,2259,6695,MEMB
127,4146,2128,6274,MEMB
128,3986,2044,6030,MEMB
129,3981,2303,6284,MEMB
130,4094,2250,6344,MEMB
131,4294,2185,6479,MEMB
132,3956,2037,5993,MEMB
133,3983,2249,6232,MEMB
134,4400,2768,7168,MEMB
135,4144,2729,6873,MEMB
136,4420,2210,6630,MEMB
137,4135,2319,6454,MEMB
138,4554,2283,6837,MEMB
139,4050,2379,6429,MEMB
140,4609,1976,6585,MEMB
141,4296,2208,6504,MEMB
142,4396,2419,6815,MEMB
143,4572,2097,6669,MEMB
144,4435,2068,6503,MEMB
145,4050,2245,6295,MEMB
146,4276,2062,6338,MEMB
147,4481,1874,6355,MEMB
148,3857,1688,5545,MEMB
149,4528,2043,6571,MEMB
150,4300,2158,6458,MEMB
151,4244,2096,6340,MEMB
152,4484,2115,6599,MEMB
153,3961,1747,5708,MEMB
154,4220,2249,6469,MEMB
155,4038,2341,6379,MEMB
156,4311,2673,6984,MEMB
157,4902,2201,7103,MEMB
158,4286,2264,6550,MEMB
159,4170,2194,6364,MEMB
160,4632,2144,6776,MEMB
161,4434,2171,6605,MEMB
162,4128,2381,6509,MEMB
163,4090,2485,6575,MEMB
164,4388,2379,6767,MEMB
165,4145,2565,6710,MEMB
166,4314,2124,6438,MEMB
167,4670,2125,6795,MEMB
168,4283,1958,6241,MEMB
169,4686,2207,6893,MEMB
170,4582,1872,6454,MEMB
171,4213,2126,6339,MEMB
172,4457,1984,6441,MEMB
173,4464,2099,6563,MEMB
174,4189,2479,6668,MEMB
175,4493,2687,7180,MEMB
176,4044,2205,6249,MEMB
177,4745,2501,7246,MEMB
178,4261,2140,6401,MEMB
179,4276,1952,6228,MEMB
180,4257,2286,6543,MEMB
181,4338,1984,6322,MEMB
182,4205,2061,6266,MEMB
183,4365,2431,6796,MEMB
184,4367,1948,6315,MEMB
185,4591,2216,6807,MEMB
186,4141,2290,6431,MEMB
187,3918,2569,6487,MEMB
188,4152,2665,6817,MEMB
189,4241,1843,6084,MEMB
190,4120,2331,6451,MEMB
191,4667,2295,6962,MEMB
192,4442,2066,6508,MEMB
193,4064,2344,6408,MEMB
194,4540,2065,6605,MEMB
195,4605,2095,6700,MEMB
196,4745,2400,7145,MEMB
197,4516,2484,7000,MEMB
198,4369,1812,6181,MEMB
199,4632,2128,6760,MEMB
200,4543,2617,7160,MEMB
201,4450,2254,6704,MEMB
202,3995,2015,6010,MEMB
203,4144,2568,6712,MEMB
204,4284,2289,6573,MEMB
205,4651,2320,6971,MEMB
206,4153,2442,6595,MEMB
207,4120,2351,6471,MEMB
208,4282,2130,6412,MEMB
209,4368,2421,6789,MEMB
210,4300,2214,6514,MEMB
211,4380,2672,7052,MEMB
212,4285,2408,6693,MEMB
213,4104,2395,6499,MEMB
214,4207,2144,6351,MEMB
215,4372,2141,6513,MEMB
216,4182,2415,6597,MEMB
217,4172,2338,6510,MEMB
218,4307,2124,6431,MEMB
219,4236,1983,6219,MEMB
220,4516,1817,6333,MEMB
221,4155,1635,5790,MEMB
222,4404,2174,6578,MEMB
223,4169,2591,6760,MEMB
224,3791,2238,6029,MEMB
225,4258,1988,6246,MEMB
226,4130,2028,6158,MEMB
227,4452,2335,6787,MEMB
228,4411,2623,7034,MEMB
229,4099,2028,6127,MEMB
230,5164,2546,7710,MEMB
231,4430,2219,6649,MEMB
232,4315,1922,6237,MEMB
233,3940,2189,6129,MEMB
234,4502,2389,6891,MEMB
235,4578,2633,7211,MEMB
236,4132,2263,6395,MEMB
237,4274,2268,6542,MEMB
238,4100,1686,5786,MEMB
239,4287,2376,6663,MEMB
240,4363,1883,6246,MEMB
241,4275,1961,6236,MEMB
242,4085,2024,6109,MEMB
243,3844,2317,6161,MEMB
244,4500,2341,6841,MEMB
245,4365,2298,6663,MEMB
246,4557,1756,6313,MEMB
247,4044,2141,6185,MEMB
248,4239,2295,6534,MEMB
249,4261,1730,5991,MEMB
250,4322,2289,6611,MEMB
251,4738,1786,6524,MEMB
252,4156,2296,6452,MEMB
253,4160,2485,6645,MEMB
254,3855,1913,5768,MEMB
255,4179,2030,6209,MEMB
256,4152,2025,6177,MEMB
257,4132,2282,6414,MEMB
258,3995,2079,6074,MEMB
259,4009,1960,5969,MEMB
260,4435,2391,6826,MEMB
261,4177,2341,6518,MEMB
262,3921,2131,6052,MEMB
263,4280,2437,6717,MEMB
264,4440,2237,6677,MEMB
265,4131,2066,6197,MEMB
266,4178,2347,6525,MEMB
267,4294,2209,6503,MEMB
268,3883,1666,5549,MEMB
269,4308,2043,6351,MEMB
270,4276,2634,6910,MEMB
271,4340,2369,6709,MEMB
272,4354,2225,6579,MEMB
273,4566,2143,6709,MEMB
274,4060,2042,6102,MEMB
275,4148,2193,6341,MEMB
276,4362,2088,6450,MEMB
277,4574,1839,6413,MEMB
278,4489,2091,6580,MEMB
279,4205,2428,6633,MEMB
280,4254,2131,6385,MEMB
281,4564,2271,6835,MEMB
282,3977,1957,5934,MEMB
283,4467,2446,6913,MEMB
284,4094,2142,6236,MEMB
285,4075,2884,6959,MEMB
286,4382,2139,6521,MEMB
287,3957,1917,5874,MEMB
288,4036,1976,6012,MEMB
289,4174,1958,6132,MEMB
290,4481,1979,6460,MEMB
291,4444,1756,6200,MEMB
292,4408,1856,6264,MEMB
293,3951,2186,6137,MEMB
294,4413,2375,6788,MEMB
295,4470,2263,6733,MEMB
296,4403,1957,6360,MEMB
297,4141,2177,6318,MEMB
298,4081,1834,5915,MEMB
299,4181,1586,5767,MEMB
300,4160,2129,6289,MEMB
301,4547,2174,6721,MEMB
302,4348,2402,6750,MEMB
303,3882,2264,6146,MEMB
304,4747,2244,6991,MEMB
305,4354,2149,6503,MEMB
306,3736,2518,6254,MEMB
307,3965,2091,6056,MEMB
308,4358,2073,6431,MEMB
309,4198,2367,6565,MEMB
310,4529,2171,6700,MEMB
311,4358,2114,6472,MEMB
312,4250,1619,5869,MEMB
313,4205,2373,6578,MEMB
314,4262,1726,5988,MEMB
315,4315,2350,6665,MEMB
316,3802,1842,5644,MEMB
317,4166,2279,6445,MEMB
318,4427,2115,6542,MEMB
319,4377,2217,6594,MEMB
320,4282,2020,6302,MEMB
321,4379,1848,6227,MEMB
322,4378,2131,6509,MEMB
323,4518,2340,6858,MEMB
324,3543,1738,5281,MEMB
325,4143,2188,6331,MEMB
326,4023,2190,6213,MEMB
327,4110,2435,6545,MEMB
328,4823,1947,6770,MEMB
329,4312,2167,6479,MEMB
330,4102,1882,5984,MEMB
331,3988,2251,6239,MEMB
332,4277,2236,6513,MEMB
333,4579,1818,6397,MEMB
334,4318,2320,6638,MEMB
335,4283,1793,6076,MEMB
336,4297,2380,6677,MEMB
337,4381,2220,6601,MEMB
338,4144,1986,6130,MEMB
339,4203,2272,6475,MEMB
340,3799,2117,5916,MEMB
341,4069,2133,6202,MEMB
342,4870,1856,6726,MEMB
343,4844,1962,6806,MEMB
344,4379,2126,6505,MEMB
345,3917,1871,5788,MEMB
346,3985,1999,5984,MEMB
347,4158,2101,6259,MEMB
348,4292,2258,6550,MEMB
349,3698,2382,6080,MEMB
350,3873,1993,5866,MEMB
351,4472,2444,6916,MEMB
352,4289,2167,6456,MEMB
353,4314,2325,6639,MEMB
354,4471,2266,6737,MEMB
355,4666,2208,6874,MEMB
356,4097,1929,6026,MEMB
357,4047,2468,6515,MEMB
358,4059,1813,5872,MEMB
359,4424,2082,6506,MEMB
360,4074,1694,5768,MEMB
361,4436,1847,6283,MEMB
362,4576,2165,6741,MEMB
363,4192,2039,6231,MEMB
364,4220,2375,6595,MEMB
365,4460,2233,6693,MEMB
366,4282,2127,6409,MEMB
367,4742,2175,6917,MEMB
368,4420,2574,6994,MEMB
369,3785,2261,6046,MEMB
370,3689,2194,5883,MEMB
371,4235,2117,6352,MEMB
372,4459,2212,6671,MEMB
373,4564,2635,7199,MEMB
374,4528,2317,6845,MEMB
375,4449,2572,7021,MEMB
376,4304,2063,6367,MEMB
377,4370,1891,6261,MEMB
378,4430,2046,6476,MEMB
379,4298,1874,6172,MEMB
380,4311,2154,6465,MEMB
381,4576,2435,7011,MEMB
382,4131,1729,5860,MEMB
383,4461,2150,6611,MEMB
384,4385,2160,6545,MEMB
385,4096,2227,6323,MEMB
386,4118,1867,5985,MEMB
387,4616,2170,6786,MEMB
388,4943,2229,7172,MEMB
389,4136,2301,6437,MEMB
390,4123,2019,6142,MEMB
391,4289,2115,6404,MEMB
392,4648,1983,6631,MEMB
393,4088,2329,6417,MEMB
394,3948,2089,6037,MEMB
395,4323,2545,6868,MEMB
396,4119,2456,6575,MEMB
397,4239,2480,6719,MEMB
398,4312,2150,6462,MEMB
399,4438,2193,6631,MEMB
400,4041,2164,6205,MEMB
401,4085,1863,5948,MEMB
402,4310,2344,6654,MEMB
403,3930,2120,6050,MEMB
404,3938,2009,5947,MEMB
405,4128,1959,6087,MEMB
406,4088,1932,6020,MEMB
407,4362,2384,6746,MEMB
408,4385,2414,6799,MEMB
409,4270,2273,6543,MEMB
410,4460,1576,6036,MEMB
411,4930,2037,6967,MEMB
412,4431,1930,6361,MEMB
413,4660,2040,6700,MEMB
414,4120,2417,6537,MEMB
415,4480,1866,6346,MEMB
416,4260,2036,6296,MEMB
417,4117,1915,6032,MEMB
418,4416,2090,6506,MEMB
419,3952,2108,6060,MEMB
420,4132,1799,5931,MEMB
421,4513,2028,6541,MEMB
422,4343,2043,6386,MEMB
423,4190,2016,6206,MEMB
424,4266,2457,6723,MEMB
425,4182,2309,6491,MEMB
426,4466,2097,6563,MEMB
427,4494,2246,6740,MEMB
428,4426,1973,6399,MEMB
429,4045,2549,6594,MEMB
430,4112,2503,6615,MEMB
431,4671,1890,6561,MEMB
432,4607,2332,6939,MEMB
433,4259,2007,6266,MEMB
434,4675,1983,6658,MEMB
435,4398,1861,6259,MEMB
436,4336,2193,6529,MEMB
437,4250,1997,6247,MEMB
438,4600,1963,6563,MEMB
439,4289,2208,6497,MEMB
440,4336,2106,6442,MEMB
441,4465,2280,6745,MEMB
442,4346,2820,7166,MEMB
443,4122,2084,6206,MEMB
444,3880,1913,5793,MEMB
445,4360,2493,6853,MEMB
446,4528,1606,6134,MEMB
447,4110,2224,6334,MEMB
448,4391,1912,6303,MEMB
449,4637,2077,6714,MEMB
450,4382,1829,6211,MEMB
451,3987,2304,6291,MEMB
452,4089,2218,6307,MEMB
453,4463,2591,7054,MEMB
454,4525,2080,6605,MEMB
455,4108,2094,6202,MEMB
456,4075,2465,6540,MEMB
457,4611,2523,7134,MEMB
458,3898,1936,5834,MEMB
459,4045,2396,6441,MEMB
460,4300,1882,6182,MEMB
461,4165,2478,6643,MEMB
462,4137,2312,6449,MEMB
463,4053,2135,6188,MEMB
464,4282,2298,6580,MEMB
465,4354,2308,6662,MEMB
466,4055,1951,6006,MEMB
467,4129,2218,6347,MEMB
468,4506,2478,6984,MEMB
469,4458,1805,6263,MEMB
470,4313,2882,7195,MEMB
471,4596,1830,6426,MEMB
472,4510,2286,6796,MEMB
473,4104,2050,6154,MEMB
474,4359,2395,6754,MEMB
475,4233,2506,6739,MEMB
476,4546,1893,6439,MEMB
477,4523,2350,6873,MEMB
478,4548,2153,6701,MEMB
479,4097,1988,6085,MEMB
480,4349,2263,6612,MEMB
481,4662,2737,7399,MEMB
482,4607,2073,6680,MEMB
483,4411,1953,6364,MEMB
484,4468,1708,6176,MEMB
485,4169,2398,6567,MEMB
486,4320,1918,6238,MEMB
487,4494,2239,6733,MEMB
488,4415,2570,6985,MEMB
489,4535,2581,7116,MEMB
490,3936,1729,5665,MEMB
491,4205,1952,6157,MEMB
492,4150,2284,6434,MEMB
493,4290,2051,6341,MEMB
494,4212,2029,6241,MEMB
495,4258,2000,6258,MEMB
496,4617,2202,6819,MEMB
497,3847,2250,6097,MEMB
498,4492,1781,6273,MEMB
499,4634,2219,6853,MEMB
500,4552,2359,6911,MEMB
501,4139,2154,6293,MEMB
502,3721,2073,5794,MEMB
503,4235,2110,6345,MEMB
504,4322,2204,6526,MEMB
505,4543,1741,6284,MEMB
506,4566,1851,6417,MEMB
507,4036,2421,6457,MEMB
508,4308,1628,5936,MEMB
509,4167,2481,6648,MEMB
510,4192,2352,6544,MEMB
511,4354,2195,6549,MEMB
512,4373,1671,6044,MEMB
513,4190,2649,6839,MEMB
514,3787,2053,5840,MEMB
515,4386,2009,6395,MEMB
516,4143,2201,6344,MEMB
517,3868,2247,6115,MEMB
518,4219,2083,6302,MEMB
519,4149,2403,6552,MEMB
520,4391,1909,6300,MEMB
521,3841,2292,6133,MEMB
522,3832,2464,6296,MEMB
523,4560,2362,6922,MEMB
524,4370,2266,6636,MEMB
525,4470,2149,6619,MEMB
526,4120,2302,6422,MEMB
527,4450,2075,6525,MEMB
528,4506,2151,6657,MEMB
529,4566,2381,6947,MEMB
530,4605,1884,6489,MEMB
531,4438,2505,6943,MEMB
532,4572,2043,6615,MEMB
533,4101,1543,5644,MEMB
534,4330,2385,6715,MEMB
535,4501,2063,6564,MEMB
536,4758,1741,6499,MEMB
537,4028,1939,5967,MEMB
538,4228,2154,6382,MEMB
539,4471,1914,6385,MEMB
540,4147,2030,6177,MEMB
541,4465,2093,6558,MEMB
542,4510,1911,6421,MEMB
543,4274,1745,6019,MEMB
544,4052,2812,6864,MEMB
545,4252,1833,6085,MEMB
546,4076,2059,6135,MEMB
547,3997,2094,6091,MEMB
548,4095,2193,6288,MEMB
549,4214,2169,6383,MEMB
550,4492,2559,7051,MEMB
551,4239,2351,6590,MEMB
552,4130,2208,6338,MEMB
553,4440,2047,6487,MEMB
554,4355,2068,6423,MEMB
555,3943,2052,5995,MEMB
556,4122,2019,6141,MEMB
557,4324,2088,6412,MEMB
558,4259,2363,6622,MEMB
559,4440,1987,6427,MEMB
560,3942,2233,6175,MEMB
561,3835,1945,5780,MEMB
562,4433,2138,6571,MEMB
563,3946,2050,5996,MEMB
564,4295,3033,7328,MEMB
565,4593,2272,6865,MEMB
566,4273,2471,6744,MEMB
567,4598,1963,6561,MEMB
568,4247,2254,6501,MEMB
569,4555,2407,6962,MEMB
570,4117,2479,6596,MEMB
571,3996,2191,6187,MEMB
572,4349,1929,6278,MEMB
573,4150,2002,6152,MEMB
574,4337,2187,6524,MEMB
575,4200,1782,5982,MEMB
576,3733,2041,5774,MEMB
577,4229,1923,6152,MEMB
578,4388,2400,6788,MEMB
579,4250,2070,6320,MEMB
580,4502,1934,6436,MEMB
581,4461,1923,6384,MEMB
582,4335,2333,6668,MEMB
583,3937,2276,6213,MEMB
584,4073,1851,5924,MEMB
585,4180,1969,6149,MEMB
586,4478,1920,6398,MEMB
587,4620,1957,6577,MEMB
588,4458,1660,6118,MEMB
589,4040,2051,6091,MEMB
590,4412,2498,6910,MEMB
591,4484,2081,6565,MEMB
592,4028,2034,6062,MEMB
593,4819,2303,7122,MEMB
594,4166,2064,6230,MEMB
595,4243,2454,6697,MEMB
596,3921,2498,6419,MEMB
597,3762,2161,5923,MEMB
598,4516,2243,6759,MEMB
599,4361,2179,6540,MEMB
600,4158,2557,6715,MEMB
601,3741,1983,5724,MEMB
602,4596,2192,6788,MEMB
603,4070,1680,5750,MEMB
604,4176,2632,6808,MEMB
605,4323,1631,5954,MEMB
606,4184,1921,6105,MEMB
607,4094,1901,5995,MEMB
608,4233,2177,6410,MEMB
609,4510,2146,6656,MEMB
610,4179,2427,6606,MEMB
611,4368,2209,6577,MEMB
612,4101,2228,6329,MEMB
613,4190,2267,6457,MEMB
614,4370,2168,6538,MEMB
615,4406,2130,6536,MEMB
616,4054,2163,6217,MEMB
617,4128,2193,6321,MEMB
618,3922,2244,6166,MEMB
619,4453,2105,6558,MEMB
620,4140,2073,6213,MEMB
621,4367,2483,6850,MEMB
622,4553,2574,7127,MEMB
623,4527,1759,6286,MEMB
624,4179,1921,6100,MEMB
625,4475,1969,6444,MEMB
626,4334,2072,6406,MEMB
627,4819,2208,7027,MEMB
628,4602,2185,6787,MEMB
629,4021,2263,6284,MEMB
630,4144,2084,6228,MEMB
631,4374,2197,6571,MEMB
632,4132,1758,5890,MEMB
633,4769,2210,6979,MEMB
634,4497,2155,6652,MEMB
635,4088,2369,6457,MEMB
636,4070,2325,6395,MEMB
637,4180,2241,6421,MEMB
638,4509,2066,6575,MEMB
639,4377,2219,6596,MEMB
640,4330,2096,6426,MEMB
641,4326,2064,6390,MEMB
642,4359,2497,6856,MEMB
643,4390,2105,6495,MEMB
644,4434,2109,6543,MEMB
645,4332,2134,6466,MEMB
646,4510,1964,6474,MEMB
647,4104,2501,6605,MEMB
648,4289,2269,6558,MEMB
649,3998,2141,6139,MEMB
650,4281,2350,6631,MEMB
651,4303,2109,6412,MEMB
652,4190,2076,6266,MEMB
653,4069,1974,6043,MEMB
654,4315,2186,6501,MEMB
655,4130,2080,6210,MEMB
656,4210,2100,6310,MEMB
657,3895,1952,5847,MEMB
658,4170,2068,6238,MEMB
659,4352,2081,6433,MEMB
660,4155,2382,6537,MEMB
661,4322,2140,6462,MEMB
662,4522,1739,6261,MEMB
663,3892,2537,6429,MEMB
664,4175,2477,6652,MEMB
665,4738,1751,6489,MEMB
666,4165,2231,6396,MEMB
667,4065,2265,6330,MEMB
668,4190,1788,5978,MEMB
669,4415,2027,6442,MEMB
670,4285,2242,6527,MEMB
671,4630,2577,7207,MEMB
672,4907,1983,6890,MEMB
673,4276,1589,5865,MEMB
674,4239,2038,6277,MEMB
675,4259,2299,6558,MEMB
676,4002,2005,6007,MEMB
677,3998,1835,5833,MEMB
678,4602,2159,6761,MEMB
679,4315,2273,6588,MEMB
680,4480,2042,6522,MEMB
681,4331,2092,6423,MEMB
682,4323,2169,6492,MEMB
683,4141,2026,6167,MEMB
684,4300,1499,5799,MEMB
685,4662,2081,6743,MEMB
686,3983,1850,5833,MEMB
687,4552,2197,6749,MEMB
688,4233,1973,6206,MEMB
689,4686,2082,6768,MEMB
690,4302,2315,6617,MEMB
691,4488,2247,6735,MEMB
692,4247,1715,5962,MEMB
693,4510,2086,6596,MEMB
694,4460,2147,6607,MEMB
695,4315,2219,6534,MEMB
696,4152,2432,6584,MEMB
697,4143,1929,6072,MEMB
698,4721,2239,6960,MEMB
699,4195,2103,6298,MEMB
700,3720,2141,5861,MEMB
701,4029,2491,6520,MEMB
702,4000,2411,6411,MEMB
703,4288,2055,6343,MEMB
704,4187,2176,6363,MEMB
705,4326,2463,6789,MEMB
706,4084,2111,6195,MEMB
707,4191,2359,6550,MEMB
708,4506,2106,6612,MEMB
709,3979,1906,5885,MEMB
710,4322,2434,6756,MEMB
711,4022,1967,5989,MEMB
712,3949,2264,6213,MEMB
713,3831,2331,6162,MEMB
714,4548,2070,6618,MEMB
715,4137,2256,6393,MEMB
716,4392,1737,6129,MEMB
717,4386,2313,6699,MEMB
718,4517,2254,6771,MEMB
719,4401,1879,6280,MEMB
720,4349,2336,6685,MEMB
721,4357,2216,6573,MEMB
722,4629,2465,7094,MEMB
723,4451,2160,6611,MEMB
724,4037,1991,6028,MEMB
725,4256,1895,6151,MEMB
726,3897,2209,6106,MEMB
727,4254,2051,6305,MEMB
728,4132,2016,6148,MEMB
729,3310,1987,5297,MEMB
730,4204,2239,6443,MEMB
731,4408,2401,6809,MEMB
732,4230,2133,6363,MEMB
733,4730,2246,6976,MEMB
734,4125,2105,6230,MEMB
735,3861,2300,6161,MEMB
736,4488,2502,6990,MEMB
737,4610,2578,7188,MEMB
738,4406,2171,6577,MEMB
739,4236,1990,6226,MEMB
740,4206,2009,6215,MEMB
741,4426,2027,6453,MEMB
742,4035,1978,6013,MEMB
743,3781,2054,5835,MEMB
744,4362,2337,6699,MEMB
745,4229,2083,6312,MEMB
746,3912,2546,6458,MEMB
747,4115,2092,6207,MEMB
748,3967,2297,6264,MEMB
749,4734,2404,7138,MEMB
750,4313,1738,6051,MEMB
751,4204,1888,6092,MEMB
752,4351,2223,6574,MEMB
753,4110,2410,6520,MEMB
754,3888,2315,6203,MEMB
755,4030,2322,6352,MEMB
756,4256,2667,6923,MEMB
757,4529,2191,6720,MEMB
758,4449,2187,6636,MEMB
759,4180,2306,6486,MEMB
760,4170,2148,6318,MEMB
761,4048,1900,5948,MEMB
762,4327,1940,6267,MEMB
763,4416,2154,6570,MEMB
764,4089,2317,6406,MEMB
765,4188,2403,6591,MEMB
766,3984,2158,6142,MEMB
767,4234,2208,6442,MEMB
768,4659,2286,6945,MEMB
769,4438,2268,6706,MEMB
770,4271,2215,6486,MEMB
771,4112,1848,5960,MEMB
772,4053,2236,6289,MEMB
773,4007,2167,6174,MEMB
774,4394,1604,5998,MEMB
775,4044,2213,6257,MEMB
776,4452,2551,7003,MEMB
777,4213,2343,6556,MEMB
778,4103,2291,6394,MEMB
779,4147,2100,6247,MEMB
780,4238,2058,6296,MEMB
781,4344,2252,6596,MEMB
782,4104,2174,6278,MEMB
783,4355,2455,6810,MEMB
784,3959,2517,6476,MEMB
785,4138,2272,6410,MEMB
786,4515,2275,6790,MEMB
787,3933,2248,6181,MEMB
788,4340,2167,6507,MEMB
789,4366,2267,6633,MEMB
790,4217,2687,6904,MEMB
791,4239,1849,6088,MEMB
792,4621,2349,6970,MEMB
793,4376,2272,6648,MEMB
794,4723,2121,6844,MEMB
795,4535,1892,6427,MEMB
796,4054,2195,6249,MEMB
797,4230,2434,6664,MEMB
798,4377,2393,6770,MEMB
799,3661,2057,5718,MEMB
800,4038,2136,6174,MEMB
801,4018,2167,6185,MEMB
802,4146,1925,6071,MEMB
803,3992,2518,6510,MEMB
804,4477,1494,5971,MEMB
805,3863,2167,6030,MEMB
806,4451,2317,6768,MEMB
807,4247,2556,6803,MEMB
808,4316,2186,6502,MEMB
809,4513,2814,7327,MEMB
810,4270,2390,6660,MEMB
811,4328,2372,6700,MEMB
812,4348,2242,6590,MEMB
813,4511,1823,6334,MEMB
814,4117,2807,6924,MEMB
815,4120,2054,6174,MEMB
816,4010,2300,6310,MEMB
817,4120,2112,6232,MEMB
818,4679,2287,6966,MEMB
819,4434,2246,6680,MEMB
820,3802,2474,6276,MEMB
821,4647,2219,6866,MEMB
822,4376,2344,6720,MEMB
823,4314,2132,6446,MEMB
824,4628,2305,6933,MEMB
825,4469,2428,6897,MEMB
826,3916,2314,6230,MEMB
827,4954,2058,7012,MEMB
828,4401,2100,6501,MEMB
829,3845,2485,6330,MEMB
830,4194,1934,6128,MEMB
831,4320,2337,6657,MEMB
832,4118,2211,6329,MEMB
833,4551,2067,6618,MEMB
834,4205,2141,6346,MEMB
835,4338,2599,6937,MEMB
836,4236,2543,6779,MEMB
837,4195,2482,6677,MEMB
838,4354,2438,6792,MEMB
839,4453,1673,6126,MEMB
840,4379,2257,6636,MEMB
841,3943,2396,6339,MEMB
842,4269,2036,6305,MEMB
843,4455,2086,6541,MEMB
844,3955,2176,6131,MEMB
845,4520,2486,7006,MEMB
846,4311,2124,6435,MEMB
847,4105,2121,6226,MEMB
848,3867,2325,6192,MEMB
849,4471,2131,6602,MEMB
850,4485,2250,6735,MEMB
851,4371,1734,6105,MEMB
852,4111,2584,6695,MEMB
853,4203,2266,6469,MEMB
854,4051,2193,6244,MEMB
855,4179,2488,6667,MEMB
856,4011,1900,5911,MEMB
857,4213,2065,6278,MEMB
858,4031,2217,6248,MEMB
859,4257,2293,6550,MEMB
860,4037,2582,6619,MEMB
861,4426,2080,6506,MEMB
862,4140,1972,6112,MEMB
863,4298,2450,6748,MEMB
864,4386,2657,7043,MEMB
865,4430,2559,6989,MEMB
866,4272,2134,6406,MEMB
867,4395,2449,6844,MEMB
868,4490,2394,6884,MEMB
869,4051,2146,6197,MEMB
870,3796,2053,5849,MEMB
871,4312,1740,6052,MEMB
872,4037,2409,6446,MEMB
873,4333,2287,6620,MEMB
874,4228,2140,6368,MEMB
875,4620,1746,6366,MEMB
876,4068,2485,6553,MEMB
877,4416,2272,6688,MEMB
878,4434,2243,6677,MEMB
879,4185,2105,6290,MEMB
880,4259,2517,6776,MEMB
881,4163,1747,5910,MEMB
882,4738,2258,6996,MEMB
883,4336,2141,6477,MEMB
884,4366,2252,6618,MEMB
885,4230,2397,6627,MEMB
886,4126,1954,6080,MEMB
887,4221,1920,6141,MEMB
888,4393,2441,6834,MEMB
889,3948,1702,5650,MEMB
890,4407,1783,6190,MEMB
891,4751,2020,6771,MEMB
892,4289,2037,6326,MEMB
893,4049,2158,6207,MEMB
894,4279,2277,6556,MEMB
895,4616,2436,7052,MEMB
896,4197,1737,5934,MEMB
897,4450,1899,6349,MEMB
898,4133,2576,6709,MEMB
899,4327,2318,6645,MEMB
900,3999,2399,6398,MEMB
901,4226,1872,6098,MEMB
902,4045,2466,6511,MEMB
903,4275,1971,6246,MEMB
904,3937,2153,6090,MEMB
905,3970,1915,5885,MEMB
906,4355,1975,6330,MEMB
907,4088,2256,6344,MEMB
908,4187,2150,6337,MEMB
909,4338,2094,6432,MEMB
910,4547,2538,7085,MEMB
911,4284,1682,5966,MEMB
912,4648,2196,6844,MEMB
913,4107,1681,5788,MEMB
914,4439,2350,6789,MEMB
915,4577,2312,6889,MEMB
916,4306,2309,6615,MEMB
917,4126,1804,5930,MEMB
918,4552,2148,6700,MEMB
919,4307,2414,6721,MEMB
920,4310,1807,6117,MEMB
921,4099,2553,6652,MEMB
922,3845,2524,6369,MEMB
923,4509,1949,6458,MEMB
924,4630,2187,6817,MEMB
925,4087,2221,6308,MEMB
926,4480,2199,6679,MEMB
927,3785,2534,6319,MEMB
928,4582,2520,7102,MEMB
929,4060,2220,6280,MEMB
930,4814,1810,6624,MEMB
931,3903,1915,5818,MEMB
932,4220,2388,6608,MEMB
933,3966,2285,6251,MEMB
934,4484,1852,6336,MEMB
935,4796,2065,6861,MEMB
936,4658,2029,6687,MEMB
937,4402,2335,6737,MEMB
938,4371,2094,6465,MEMB
939,4151,2460,6611,MEMB
940,4236,1985,6221,MEMB
941,4265,1937,6202,MEMB
942,4597,2202,6799,MEMB
943,4557,2256,6813,MEMB
944,4509,1901,6410,MEMB
945,4371,2331,6702,MEMB
946,4105,2052,6157,MEMB
947,4081,2413,6494,MEMB
948,4228,2011,6239,MEMB
949,4464,2132,6596,MEMB
950,4510,2129,6639,MEMB
951,3571,2385,5956,MEMB
952,4160,2079,6239,MEMB
953,4650,2729,7379,MEMB
954,4112,2311,6423,MEMB
955,4032,2261,6293,MEMB
956,4077,2369,6446,MEMB
957,4334,1983,6317,MEMB
958,4282,2230,6512,MEMB
959,4271,1929,6200,MEMB
960,4081,2098,6179,MEMB
961,4237,2014,6251,MEMB
962,4196,2035,6231,MEMB
963,4523,1854,6377,MEMB
964,4216,2127,6343,MEMB
965,4285,1993,6278,MEMB
966,3985,2107,6092,MEMB
967,4219,2203,6422,MEMB
968,4238,2271,6509,MEMB
969,4101,1944,6045,MEMB
970,4284,1446,5730,MEMB
971,3719,2399,6118,MEMB
972,4278,2500,6778,MEMB
973,4206,2141,6347,MEMB
974,4218,2185,6403,MEMB
975,4533,2172,6705,MEMB
976,3934,2432,6366,MEMB
977,4393,2438,6831,MEMB
978,4304,2344,6648,MEMB
979,4550,2623,7173,MEMB
980,4414,2231,6645,MEMB
981,4263,2186,6449,MEMB
982,4299,2233,6532,MEMB
983,3821,2331,6152,MEMB
984,3973,1801,5774,MEMB
985,4670,2190,6860,MEMB
986,4576,2216,6792,MEMB
987,4128,2199,6327,MEMB
988,3917,2356,6273,MEMB
989,4362,2653,7015,MEMB
990,3740,2161,5901,MEMB
991,4112,1564,5676,MEMB
992,4582,1531,6113,MEMB
993,4602,2081,6683,MEMB
994,3834,2075,5909,MEMB
995,4303,2431,6734,MEMB
996,4639,2258,6897,MEMB
997,4079,2016,6095,MEMB
998,4009,1848,5857,MEMB
999,3915,2296,6211,MEMB
1000,3972,2513,6485,MEMB
1001,4501,2134,6635,MEMB
1002,4597,1738,6335,MEMB
1003,4343,2123,6466,MEMB
1004,4295,2044,6339,MEMB
1005,4162,2163,6325,MEMB
1006,3941,2425,6366,MEMB
1007,3980,2413,6393,MEMB
1008,4196,1875,6071,MEMB
1009,4155,2508,6663,MEMB
1010,4243,2525,6768,MEMB
1011,4453,2450,6903,MEMB
1012,3967,1535,5502,MEMB
1013,4264,2067,6331,MEMB
1014,4152,2138,6290,MEMB
1015,4199,2232,6431,MEMB
1016,4467,1568,6035,MEMB
1017,4231,2125,6356,MEMB
1018,4178,2260,6438,MEMB
1019,4673,2074,6747,MEMB
1020,4243,2544,6787,MEMB
1021,4386,1646,6032,MEMB
1022,4585,1897,6482,MEMB
1023,4156,2359,6515,MEMB
1024,4440,2370,6810,MEMB
1025,4913,2835,7748,MEMB
1026,4344,1779,6123,MEMB
1027,3979,2315,6294,MEMB
1028,3513,2270,5783,MEMB
1029,4275,2506,6781,MEMB
1030,4313,2041,6354,MEMB
1031,4030,1945,5975,MEMB
1032,4215,1893,6108,MEMB
1033,4484,2399,6883,MEMB
1034,4678,2050,6728,MEMB
1035,4721,2345,7066,MEMB
1036,4519,1965,6484,MEMB
1037,4195,1851,6046,MEMB
1038,4100,1897,5997,MEMB
1039,4155,2258,6413,MEMB
1040,4488,2655,7143,MEMB
1041,4087,2165,6252,MEMB
1042,4414,2320,6734,MEMB
1043,4853,2303,7156,MEMB
